,open,high,low,Close,vclose,vopen,vhigh,vlow,VIX,SPY,TNX,rsi14,rsi9,rsi24,MACD5355macddiff,MACD5355macddiffslope,MACD5355macd,MACD5355macdslope,MACD5355macdsig,MACD5355macdsigslope,MACD12269macddiff,MACD12269macddiffslope,MACD12269macd,MACD12269macdslope,MACD12269macdsig,MACD12269macdsigslope,lowTail,highTail,openTail,IntradayBar,IntradayRange,CloseOverSMA5,CloseOverSMA10,CloseOverSMA12,CloseOverSMA20,CloseOverSMA30,CloseOverSMA65,CloseOverSMA50,CloseOverSMA100,CloseOverSMA200,VolOverSMA5,VolOverSMA10,VolOverSMA12,VolOverSMA20,VolOverSMA30,VolOverSMA65,VolOverSMA50,VolOverSMA100,VolOverSMA200,Ret1day,Ret4day,Ret8day,Ret12day,Ret24day,Ret72day,Ret240day,RSC,bands_l,bands_u,ADX,cloudA,cloudB,closeVsIchA,closeVsIchB,IchAvIchB,CondVol_1,CondVol_4,CondVol_8,CondVol_12,CondVol_24,CondVol_72,CondVol_240,CV1vCV4,CV4vCV8,CV8vCV12,CV12vCV24,CV8vCV24,CV24vCV240,RSC_VIX,RSC_VIX_IV,RSC_VIX_real,RSC_VIX_IV_real,RSC_IV_gar,close_spy_corr22,close_tnx_corr22,vclose_VIX_corr22,garch_IV_corr22,close_spy_corr65,close_tnx_corr65,vclose_VIX_corr65,garch_IV_corr65,close_spy_corr252,close_tnx_corr252,vclose_VIX_corr252,garch_IV_corr252
3124,-0.6038808858944795,-0.6679064630585089,-0.5511823240738106,-0.489545164122166,0.47812596078665903,0.6143653570908535,0.3911280364120325,0.6387777372962246,-0.7867310896601264,1.9455350265721914,0.3847467853782486,-0.38138434716512803,-0.7914377825692499,-0.04527679094248206,-1.1391355526803035,0.4446288384904524,0.09108644390259671,-0.47226415737700395,0.4212657828772329,-1.1391355526803042,-1.3228698295722392,-0.17487983571500584,0.412608583209201,-0.9154391307610126,0.969053873126882,-1.3228698295722379,-0.1825305659550673,-0.01477970372606992,-0.2900398399940776,0.4432900977970729,-0.6294403238695976,-0.37161094626933566,-0.70163750243994,-0.7462545256662981,-0.7123478337310031,-0.10437900872366802,0.3654429992152722,0.28697138297592173,0.14450714212651336,-0.40722618287738216,-0.29958813903903275,0.045637538773029236,-0.0220330260128716,0.006421529767397973,-0.5433563017372272,-0.5047187414528082,-0.6081868728263605,-0.44721972773869617,-0.5087234230337381,0.45483638761781325,-0.7882269004263789,-0.5768774045187485,-0.7541479362943591,0.07559782017430933,0.22512063031057208,-1.2623419301389858,-0.023468329771488418,0.36767971466488764,-0.46549788285332405,0.8860085199606046,-0.5220455645474332,-1.0908811554249265,-0.06733797483067357,0.25252586831627943,0.4670912865457966,-1.1356202771176072,0.3682480352969629,0.7114269613004689,0.045383248162545825,-0.8741404018278691,-0.8853520900920426,0.7626655309546465,-0.5409350500471235,-0.47764708835541003,0.6504685121537813,0.9933465635423069,1.4215570189650022,-1.014223583275935,-0.8845411065766567,0.9750262725513666,0.7292138539284272,0.7994217236225211,1.191475213611234,-0.43024532810945754,-0.9260768638905187,0.7087990868482033,-0.8749516144619679,0.5184362197782262,-0.9180999201721949,1.2299252332198758,-0.02573388874519772,-0.7620002727805947,-1.283358001614711,-0.969009090143387,-1.176570101812753
3125,-0.4316555772110526,-0.5389610231418044,-0.49267776580363676,-0.42083731497345106,0.5300889338271563,0.4752532366113967,0.37807934318479125,0.6370145764978724,-1.047473414098222,2.170349754835809,0.38371596847025574,-0.23781038822908956,-0.5790970013557379,0.05860512958583026,-0.8278328247222602,0.664227331620981,0.06305209466058988,-0.13682535455285555,0.30333203335994957,-0.8278328247222602,-1.2575931798940934,0.20666393554803256,0.32204355489986103,-0.6082069438684868,0.845194655833472,-1.2575931798940925,0.20172383148946887,0.4399530859896387,0.5431633442754842,0.03369787786784819,-0.23351477254826694,0.01782373121842963,-0.4865137605596333,-0.501319604196542,-0.5839036841483402,-0.06945301441815396,0.4326080537187435,0.3468733156715437,0.20947146574521858,-0.34153389032017795,-0.09283893149958164,0.1382365625696917,0.12953566810479475,0.1438262873001231,-0.4665968796780659,-0.43707694645173717,-0.5509158802388514,-0.3807395038891712,-0.4408113927780733,0.22067614330903698,-0.4690513072980787,-0.4566924577274615,-0.7090526367175118,-0.331034953263363,0.0006492074366173364,-1.0680921944713853,-0.5118280900631567,0.36268238202373837,-0.45439654481740216,0.6164805827303823,-0.5159937559894031,-1.0822436605866788,0.046424287377658024,0.31888220062584544,0.4717812430957873,-1.2465751124970779,0.1522185113916442,-0.1324852887548392,0.1703042150021501,-1.1574491994767284,-1.0297179158328742,0.711908809474174,-0.3281098678381051,0.25587055898436734,-0.3347394739591102,1.424274996274936,1.0329895357662897,-1.0543673895601948,-0.9311447756857064,1.2088001867400546,0.9904508051093602,1.0627913016934871,1.3094158919018348,-0.8886056955255899,-1.068818519674563,0.5184713973549331,-0.9489912459265686,0.5529281146172912,-0.9675491463210628,1.2345817051537682,-0.04191421650435169,-0.7234828311831676,-1.2539648303791961,-1.0172686494207448,-1.1557688992612534
3126,-0.45712017160592955,-0.4040397717270443,-0.2857004922057433,-0.3286245652855584,0.21836278648693178,0.4151206650230599,0.20382580828941618,0.26684323013657624,-1.074833967604947,2.192018752661558,0.25412041028772114,-0.039874440940744736,-0.28726098497762503,0.200398629251296,-0.48783959412509226,0.7453806545983463,0.08996169820423452,0.13316605723464645,0.23403748829039095,-0.4878395941250923,-1.1102715766060411,0.5011156881196065,0.2749198841250794,-0.31932955115433914,0.7359360459724732,-1.1102715766060405,0.7184676892007961,0.4519086976343364,-0.08607685787849242,0.49102933826715217,-0.6398123366173778,0.32588991016691865,-0.2115635483307228,-0.282634189573042,-0.4530770084770322,1.7631891951596537e-05,0.5200243024647564,0.41951323190251805,0.29514686707440196,-0.25853080731336475,-0.45834755819330725,-0.21696024509296888,-0.16805213686286313,-0.10918085356260042,-0.5779294028331496,-0.6272605442902089,-0.710019510112444,-0.5651931747436483,-0.6207277834980325,0.29605762322839013,-0.09685466915777825,-0.5404829528108632,-0.5914313669399924,0.018885440483176495,0.043010214946243505,-0.78046987636791,0.24258614432907663,0.3996605343570589,-0.46054120487963424,0.3686567166835909,-0.4906968209090405,-1.0736861182552688,0.17124563062055062,0.4074257659122617,0.5022504440976029,-1.374624744582263,-0.3305838695842445,-0.37092842084168526,0.09622657862547115,-0.6527988845267676,-0.7480763960849723,0.44096927677526665,0.1628366320947505,0.14325883698090278,-0.48124342027543204,0.801914081505309,0.3493511167456811,-0.6317452598955505,-1.2833151467004584,0.2568578693043966,1.0098856172826907,1.0858984098575637,1.3737778505981575,-1.1822000981815295,-1.190758444165397,0.40290095482260635,-1.0108968549747648,0.5959997616147914,-1.0423470834368158,1.2611193128291536,-0.03679026368677968,-0.7127381884200286,-1.2382878888402187,-1.0645281985272477,-1.1336383081736712
3127,-0.2050842879715065,-0.2714227879359569,-0.1384223235982394,-0.18874646097853592,0.3963843275882914,0.478745686573637,0.26449096957868556,0.528999990762167,-1.2720766962740706,2.224287904377961,0.3637058981332759,0.25937166461081557,0.13928937067633115,0.4176492979568102,-0.11618151216612967,0.8065432053803705,0.17463727062066864,0.420896781375529,0.21762650316461107,-0.1161815121661296,-0.8855037925140885,0.777126840479638,0.27673488514850364,0.01264025440272615,0.6489566605311834,-0.8855037925140874,0.5023973458759464,0.44100440324131257,0.78451582867358,0.05437306194190479,-0.7248286627331728,0.6669172350767676,0.15522703714462693,-0.001182304969677357,-0.23917865725960474,0.1174211752339553,0.6448831688361849,0.539212886362261,0.42698266908739074,-0.1394871309850512,-0.7389564356711965,-0.5167316464464472,-0.4551001512822777,-0.3923454608054175,-0.7106111982695538,-0.7937072100733301,-0.8650257852984932,-0.7313082649768793,-0.7823376071800362,0.4508592555377245,0.17532641898736245,-0.49207553569253437,-0.49204401146045706,-0.11607936977274799,0.3754838763551707,-0.7597725416988756,0.36243088663086065,0.38958062851662206,-0.45990909930791307,0.2162333683925979,-0.2380023052560937,-1.0653399555932241,0.0269990445847055,0.5430171873933138,0.8427942696982498,-1.4770519752889515,-0.7902494939318002,-0.25142153132698924,-0.10998767508694025,-1.06361370156087,-0.7420844860599483,0.0003480442190390631,0.6325069183402935,-0.331602202259228,-0.11711996541707088,1.0299044405388376,0.8472774994934928,-0.341194290370168,-1.2032707120619894,0.9704763580808715,1.2059274940065647,1.2869019274679667,1.5057351348863552,-1.2631451425468119,-1.1835776034519825,0.07185374336188152,-1.063350985744319,0.6274304512017198,-1.0876306184376068,1.267951890283982,-0.04156326135615848,-0.6959208332214709,-1.2220109969208446,-1.1172578157011293,-1.1517464589399213
3128,-0.07033910313853857,-0.1125426721402352,-0.05021721384549285,-0.14047856455583677,0.5700317861235762,0.3303413132501297,0.3977459122882163,0.4186520929840531,-1.0721768894276305,2.212308583628034,0.4448055420890634,0.35441924262668134,0.2733402353301684,0.4867503365574984,0.10803977990685495,0.480360555706711,0.2487527450716836,0.3687881477389598,0.2327662315803037,0.10803977990685519,-0.6822498024797924,0.7053697921055052,0.28948690919041287,0.08732473455289555,0.5821494053337198,-0.6822498024797923,0.29491943818236155,0.5257686677983133,0.4091127371253187,-0.27539614297198634,-0.34333876436721694,0.5152532447064285,0.2869074618949344,0.13246224517874644,-0.15149404968473001,0.11828132700699974,0.6789122579144297,0.5617215976118051,0.47923236830311455,-0.09950257915926883,0.15008642063869362,-0.03415646210261727,0.044321951001638056,0.09026231505523902,-0.34857324377059706,-0.491877770563429,-0.598114836112777,-0.42552547490527143,-0.4881568748315189,0.148888711073662,0.7156365101193123,-0.2041635618901783,-0.4954586780345875,-0.22212194612293842,0.4318014804735718,-0.7203609419655919,0.16465512993527745,0.4116844478392114,-0.45652751838833644,0.16045447919721942,-0.232189163293444,-1.0570878597701947,0.10371906094441691,0.5854046882141405,0.841252838669871,-1.5428135047688527,-0.9480259392970629,-0.3221890843818943,-0.28382558964957333,-0.965773966088792,-1.1108320597066357,-0.12159782574038323,0.7890133670766049,-0.3772048065745944,0.02110349535592084,0.7451926754474202,0.6980550572816735,-0.19392389038654126,-1.6931700604233364,-0.34788996518932513,0.9950057687001683,1.0877847803016403,1.6008575659954203,-1.4661445798637753,-1.2823932525032695,0.0237267214177709,-1.1656967723569855,0.6630900449434963,-1.1399801090160395,1.3147738659643875,-0.07430439808488322,-0.6818282309518815,-1.2070998172738037,-1.1692727680002593,-1.1679863923993046
3129,0.08482852865485695,-0.022537238529519454,0.0567128699227512,0.08220079134006658,0.6826167204822916,0.606619884427855,0.5282002983818891,0.5919711446299811,-0.9639707826345915,2.2877585867969836,0.32884439261226717,0.8075823019268403,0.8733168175743288,0.8276754444121139,0.45524070917962967,0.7418536838487745,0.40096994408638714,0.7570736342006052,0.2964902045806062,0.45524070917963005,-0.38288820430143955,1.0261097774455747,0.3626294062191951,0.500876393203477,0.5446682786508039,-0.3828882043014395,0.3570051955502585,0.2917909738820324,0.4683138813443665,-0.01626948581613097,-0.44084864235403615,0.8306053668746544,0.7296553205424235,0.5692159560327867,0.19574802895056218,0.33131261953577884,0.8729774895011924,0.7655404582496357,0.6869130327751656,0.09199645291606988,-0.4493977009305361,-0.5459013822273896,-0.4634196372731819,-0.3888703175375204,-0.6527288729552135,-0.7794401242725757,-0.8561869777022288,-0.7173262331134154,-0.7734429491415294,0.714294747643805,0.8319244343405976,0.008067177292110298,0.03593204926682801,-0.2139906751941596,0.7525543462432446,-0.752029428312172,0.499213416108125,0.42093606730988914,-0.4480787067016182,0.15308073456060778,-0.2352344603201753,-1.048975221147422,0.5066134617057422,0.8032288206815851,0.8272278984168164,-1.6400594637287236,-0.540300150056338,-0.7339120161008278,-0.28392607720810065,-0.8036570279659815,-1.2584738515907532,-0.1953531305863735,0.34313374671199726,0.37923709988205834,-0.3866976460293326,0.5707883596912233,0.2155749955712305,-0.07132444117554744,-1.6798865803858654,0.07681546380187906,0.8761805807008265,0.9802406851149207,1.7145583993392246,-1.347954368631347,-1.2370434652142628,0.07787643814802132,-1.265355329584051,0.6922527333431341,-1.1609111746096572,1.366781637990864,-0.10940233584883335,-0.6435673955773377,-1.1850671853902381,-1.2135785595165844,-1.1815454158515943
3130,0.11817161820836995,0.061372693044085026,0.27315475242897636,0.11416759096394095,0.6740029003252439,0.6827968153224453,0.5146056486905382,0.8024095203607766,-1.0174956751139645,2.245342215841129,0.39087012789440506,0.8590332067303283,0.9391515305563707,0.8667857850400434,0.566002509379599,0.23605295312730026,0.5050848709288792,0.5177224280050038,0.37564906907628937,0.5660025093795998,-0.16576109261235783,0.7398731195149028,0.42529882806973235,0.4292018069897792,0.5283368231894621,-0.16576109261235722,0.7253532888149746,0.2697562586133942,0.09243263673921445,-0.02130429669688997,-1.1553097685539335,0.6038156037864321,0.7488183924216394,0.6145195004198711,0.25879763897269326,0.29110374832660935,0.8799496537035674,0.7644768466927648,0.7243457988719767,0.1202264505548864,-0.6049103909133189,-0.7135223723904064,-0.6995780900476715,-0.6189119324558499,-0.7857037237521644,-0.9151578091304837,-0.9740550818983967,-0.8548477503448659,-0.9077871843822874,0.09356434858799713,0.7721469624822551,0.21854181748544296,0.10405919700688958,-0.20620580901819166,0.8339509700033776,-0.6916948140330128,0.2029068727628656,0.42704360537656466,-0.4495256813041854,0.18701756328129232,-0.20918525232476434,-1.040936635857272,0.5222692911850504,0.8277380452078407,0.8527146677379576,-1.6129309073942923,-0.32966064495462577,-0.9673525775717569,-1.0031482271297438,-0.7949660722825297,-1.4022126377966648,-0.15768153555167674,0.12278058487611572,0.7937568395725557,0.24366909424532365,-0.18558647196931619,0.023476259838652324,-0.10515194110343509,-1.4875060341192288,0.6368970850942085,0.9331854526915007,1.0339097553635903,1.685004132967378,-1.2306830648477278,-1.1340087105905319,0.022426410233354104,-1.3493570324245256,0.7149647230891102,-1.166410116794964,1.347435309155033,-0.16636096244911183,-0.6083090928093545,-1.164842884333172,-1.2597673419686795,-1.1947673111644739
3131,0.1296610095143608,0.13480034676281694,0.25957145069002313,0.31241564201811933,0.7322368286358063,0.5462998739753736,0.57759005958622,0.7406603340257083,-0.9002760196082388,2.3619201889712405,0.21885311370556657,1.2235157131146437,1.3798214871862848,1.1549630828132076,0.7635443761916114,0.4258694254234711,0.6583215938145004,0.7641833161276909,0.48246923395504104,0.7635443761916122,0.10019168527682462,0.902036249100333,0.5282019255671635,0.7051929949348931,0.5377045388118211,0.10019168527682501,-0.05492394311920837,0.23336924365648787,0.02523675686280924,0.6837561636718698,-0.6897846679084886,0.8015331626830916,1.0221002081332173,0.9364693678536294,0.5501261107522191,0.49325325226195543,1.042503256407041,0.9357537101233276,0.9087525013080854,0.29364700204452526,-0.3955409871442118,-0.6159231493482714,-0.6399916055881575,-0.5512825639036317,-0.6822417631437633,-0.8904275544708171,-0.9378952002279272,-0.8263041654459534,-0.8797686223342097,0.6237441135618241,0.9215057511732688,0.6288121582711028,0.12499231432966894,-0.004445947526656999,0.9462149402918671,-0.7352807365523022,0.24162772851643544,0.4398960267367796,-0.45878356180389196,0.25247851498287927,-0.18286636397882597,-1.0329705772695927,0.8321989881930066,1.0179938022744202,0.8781540449929726,-1.7025211698164238,-0.3769175530517664,-1.0398880525114889,-1.0775663098522648,-0.8041545927064232,-1.383690910348672,-0.22917756638180722,0.1588761112810024,0.8369266592787559,0.26282394974916773,-0.2543455263216534,-0.024607489674779538,-0.039840389638585993,-1.7479570719577455,0.07885041887528832,0.8053784104038099,0.9165832745961349,1.7807991574749011,-0.9739271280582107,-0.9998402186917711,0.03287164619799734,-1.453868020899483,0.7420119750640205,-1.1757726594661693,1.3275591273411664,-0.20843463698677828,-0.5549632016917193,-1.1397896845468505,-1.2971229242918612,-1.206683423769527
3132,0.19149871860126297,0.16616034177284558,0.344624153924599,0.2799537305482219,0.8232619223271386,0.6804627170503676,0.6052665342487242,0.8390791511310451,-0.9865472263419928,2.3167170412456675,0.13638146483496408,1.1088621031367922,1.2117937260679787,1.076067289082415,0.6802513531886885,-0.17766073429330723,0.7259332058598649,0.33961588100884643,0.5775406514538571,0.6802513531886896,0.22713321417246649,0.429579423337369,0.592850385754865,0.44402524120248793,0.5592730930222128,0.227133214172467,0.2741372171310101,0.09354652429176948,0.1773546938483683,0.3268728809910564,-0.9734799036419185,0.43034930579697983,0.8322425802883309,0.814661000567307,0.5038918623685297,0.4226431427925997,0.9830287608907193,0.8745746997111677,0.8838276924286603,0.2669652233575347,0.3247553416631204,-0.05776906231168703,-0.08976129450261386,-0.10601254526053387,-0.2043327114137641,-0.6178410534113955,-0.6792682069616478,-0.5486666255639722,-0.608715544214868,-0.11285076151143993,0.6617263281854264,0.6467485250931965,0.0028018010775813953,-0.06140950160546721,0.9773792264630189,-0.6971605265018623,-0.03254678083315861,0.45607920852794986,-0.47604187017006555,0.3261555397424803,-0.1688913325010471,-1.025491551000494,0.750279358071267,0.9759373778396658,0.8854777863000454,-1.696126058084891,-0.17289364842857805,-0.7047913282536931,-1.0895596554843516,-1.055395772808926,-1.2728208799724097,-0.17420720307625703,-0.057221469723063884,0.6300006233758869,0.6117181337670979,0.006312546190373089,0.48890417079351606,-0.17473041850344304,-1.5371621784738014,0.8416103630735154,0.8946927461340253,1.0045948036828332,1.7895403420212,-0.7902368985689622,-0.8742445983130059,-0.07744380874368673,-1.5230732311757875,0.7668185864161471,-1.1919438173495445,1.2910076925159595,-0.24963633438506797,-0.5093705716710042,-1.117945577932068,-1.342446063307978,-1.2217772094717274
3133,0.29958161078736595,0.1339354894098572,0.26851941349966413,0.12353500415009967,0.8708939331501218,0.8171556639154519,0.7300699829545266,0.8871597867581555,-0.6440180735660845,1.9760953445202605,-0.09165610924119379,0.6438724172649052,0.5447318702375484,0.7546951958065872,0.33412197649143277,-0.7440251121902346,0.6779616994297047,-0.23612432070019224,0.6239644109489698,0.33412197649143377,0.1764185638920768,-0.17218916164954903,0.590215482771253,-0.016200540913179642,0.5759229403162947,0.1764185638920772,-0.2641788475419885,-0.11506699572378572,0.3158556823205822,-0.6616302117149045,-0.7370670804699169,-0.1749749432652831,0.3692403277655527,0.4662016376178421,0.29022807998749134,0.19530433150666895,0.8076038999761448,0.6876976593103482,0.7476176007000352,0.13253487125940924,0.11347887541401874,-0.18095519399894155,-0.29376501186996284,-0.27806517715907064,-0.31632369985254344,-0.7453829035443067,-0.7909473480190944,-0.6765070014753349,-0.7333494123300678,-0.5041051168558173,0.36337944577812065,0.8351014815426403,0.06393138563139626,-0.2408793972582348,0.9539570238028282,-0.7801612645016152,0.5741868196467608,0.4717615383445025,-0.5035490518161673,0.3201365712090557,-0.1475121002798801,-1.018087660292095,0.4383225634578974,0.8111820544611591,0.9023960893060325,-1.766696818920474,-0.4944197550302694,-0.6564204902387895,-1.0038905618217562,-1.0268099890896376,-1.21862897761836,-0.2125653569739628,0.2710252914339764,0.3353325911872643,0.5578021129768113,0.06703604023810077,0.5001173657980296,-0.12930227347431003,-2.0357930663761215,-0.6240016973419688,0.5349322376303818,0.6603149917449069,1.8643691493623091,-0.7396771068353368,-0.7858159741545616,-0.053780297467683036,-1.5491074103981006,0.7816689001926286,-1.198610541184241,1.2842149917040966,-0.28582301700211826,-0.46185895932843024,-1.0962963281640756,-1.3857016194020906,-1.2360820269587112
3134,0.19658657588001052,0.10014777988232386,0.11770747542420572,0.13333554031244677,0.8610050841228374,0.9116951335559387,0.8042455250781106,0.9998792738681108,-0.7898690841325333,2.189318004317088,-0.3493464940529562,0.6518557766393944,0.5577439579715759,0.7600658580815752,0.1275857407280207,-0.44416732028187295,0.6396581112737422,-0.18850655946720365,0.6413539187289041,0.1275857407280212,0.12797632202583242,-0.16443577884388877,0.584099363013344,-0.03980770214213654,0.5878869242708769,0.12797632202583215,-0.5122095332625685,-0.11958552861783027,-0.31967963088506823,-0.24259371397793297,-0.10900976258176323,-0.1768602763546084,0.2629752955276162,0.4127521561315493,0.29508974294983836,0.17489692776454616,0.784491131140086,0.6777482643314049,0.756436863563924,0.14452740424424057,1.6454382368575537,1.2088876567560936,1.0018009576227782,0.9299019101766542,0.7459264777883946,-0.010968394577932599,-0.11247737263776643,0.07409055061644086,-0.011804569538475886,0.021147879604545512,0.052059835875325186,0.6793014725131173,0.04579762221738382,0.0725775466877156,1.22580296496031,-0.8054164085578411,-0.7667296461477201,0.4925710641556506,-0.5377899231064408,0.18196701140889276,-0.08236090217365528,-1.0107579841697885,0.3553758090933282,0.8123208229306907,0.9766615309317744,-1.749541245785569,-0.8211284108474547,-0.3691340712494179,-1.050424671939174,-0.7780209428466096,-1.2324861430342517,-0.0955274708276389,0.6179611709557793,-0.22347016774416367,0.9046257880425662,-0.2527347089810152,0.48084039336708934,-0.16112399969278887,-1.5396357732814916,1.0358155232938009,0.6864381969327045,0.8069555615461288,1.844263012225673,-0.6134747473874265,-0.6371107970023108,-0.14106459367264007,-1.5409598259581792,0.7664124091638975,-1.1821131180794435,1.3049674607445592,-0.3169483947468885,-0.418381127496656,-1.0728261014733562,-1.4300884110268204,-1.246036276331988
3135,-0.03243863189954458,0.004048740503866319,-0.017609027545685708,0.08676483694559599,0.8559967856524163,0.7968892629945766,0.6773423999134132,0.9223378713022701,-0.7938293627719932,2.3617914567676985,0.0603122410741058,0.49633076823693395,0.3358828719186464,0.6534501418050147,-0.06251632507167956,-0.4086246816059149,0.5807944961311283,-0.2923368711667053,0.6321286829028004,-0.0625163250716795,0.045637356026565726,-0.27999192165934783,0.5587636163614149,-0.17172910389230547,0.5919125373849561,0.0456373560265668,-0.46206315924209185,-0.32351288472667583,-0.6971418630973274,0.44217213018523294,0.1085728016300497,-0.2952933213421901,0.07044091825107796,0.21732496968734535,0.2173596475781355,0.10769134543721293,0.7142336162903266,0.607541054543632,0.7156067090231081,0.10807203595731585,1.2967353655385052,1.3904314778584057,1.2914030678583803,1.143723235762461,1.0005983484637764,0.16458561210625042,0.0689979896021492,0.2617995864867921,0.171538045385358,-0.15776115554076567,-0.06053977318414754,0.5450169704597115,0.15226822851113841,0.06746990593331152,0.9797486211419553,-0.875330314879626,-0.8434861935049883,0.5230555200419337,-0.589746103817132,-0.053922893106409395,-0.034313443307472886,-1.0035016648403128,0.2003388511562735,0.757885678091649,1.027276611722725,-1.8211244043327877,-0.9337524470760178,-0.5737439771221177,-1.0371547531925598,-1.1164884622945102,-0.9038094885620256,-0.03222757057226837,0.7258016762501338,-0.0874897161112476,0.684519423711767,0.12919870436276495,0.6565193406029212,-0.33228788980376717,-1.7398962528679915,0.5803684838716469,0.6847698963831471,0.810814810622622,1.9107141858440924,-0.39202242209628857,-0.5356089805263926,-0.12644040501821296,-1.5393520734995125,0.7695873994168191,-1.1791251449088997,1.3710632010599912,-0.40471301707691965,-0.37845516890014863,-1.0404148475928956,-1.4606223023397202,-1.2559690767856577
3136,0.05848211828801927,-0.06022859279348551,-0.18340928124412892,-0.2289173180205843,1.1112061468588346,0.7806932899129007,1.0639160251617263,0.9787511567887249,-0.8455172024232644,2.2663085627800372,0.37608026270738687,-0.33112277522357986,-0.7226805842328088,0.04535624349481157,-0.5480941327840456,-1.0542178518472851,0.38026844859964726,-1.0075176900423255,0.5552772721112919,-0.5480941327840457,-0.232145091966089,-0.9472296277376738,0.44034907758265956,-0.8146953473197388,0.5693017762863226,-0.23214509196608876,-0.5729890424570889,-0.2189027310301169,0.2658581436139683,-1.1058359406654756,0.6912483989070569,-0.8936496094762207,-0.564701172101483,-0.39051777803317506,-0.21845939392584754,-0.3012565918903081,0.3966969147153761,0.2747256967927059,0.4345764449105613,-0.1691358898427335,1.2769110203581566,1.7712839480499145,1.7474896869394152,1.62925000228085,1.5526452139748184,0.5585857005943091,0.4529769516605628,0.6685857808692797,0.5716414517081031,-1.0226618314633764,-0.7827979248013894,0.09115316854214839,0.01913012572983418,-0.3542307697097188,0.8592569533838187,-0.6738137761476409,-0.8931499808606892,0.5060034521039368,-0.5956564930731164,-0.2113482321566134,-0.05018919293898049,-0.9963179084342505,-0.32857437594309713,0.44015896955206607,0.9934605120146432,-1.8710729508370665,-0.8953025972642584,-0.7560716779324825,-1.0924435683456204,-1.1669621918596875,-1.1303372260564402,0.08713017446400931,0.677013054994519,0.13799764832148095,0.5711814330924724,0.12413097834795699,0.5626592798883887,-0.4629602873015153,-1.7451807677909006,0.8992119207835849,0.7340752260391662,0.866206585190619,2.0027372456579577,-0.4371318280641072,-0.5580636598859473,0.05327777481705387,-1.5307130319325286,0.7420603343431517,-1.1606218319040695,1.3742775544997379,-0.5388239351788225,-0.38507603091881254,-1.0268820181109979,-1.515812264203965,-1.2670212268250096
3137,-0.07511812121885698,-0.03210250352416881,0.06103962840766981,-0.08732501565154988,0.933703808980645,0.9882171147749103,0.9067522500844588,1.0509387470673077,-1.0351563682642706,2.2777268127630856,0.18866257133154532,0.027138849363623204,-0.20701671457251797,0.29234197343488666,-0.5292831137584404,0.04207241932437943,0.3157143724984125,-0.325827963992935,0.4813390920988581,-0.5292831137584406,-0.3137098671630497,-0.2778700523606201,0.3841455635532476,-0.38826169858365883,0.538977135382279,-0.31370986716304955,0.8316986125909033,0.08502973459140847,-0.41646256947589744,-0.054313633758631796,-0.5246809303739051,-0.2738663259567819,-0.3095205107435406,-0.18698442246114885,0.014820546264374141,-0.12121326706699691,0.5090224648720318,0.39243061392287454,0.5642606437106115,-0.03950972833653845,0.17332762433511897,0.7891017904526928,0.8897035967307505,0.8568721920202031,0.8644164371365122,0.10993845728740928,0.17148441933528558,0.21473715225156104,0.13519792178490334,0.45435250625569806,-0.5387970395746587,0.08938499816574448,0.19869135272929744,-0.31677455935609644,0.7831464899241578,-0.6160908089804402,0.40853058607417847,0.5041707137087172,-0.5988932414257431,-0.37731625015598713,-0.04515590411705524,-0.9893302398557899,-0.08809979915273584,0.5727874229948139,0.9870958320077987,-1.616907308269702,-0.01941104663013565,-1.0071597187840156,-1.0097908303892786,-0.6129347495275932,-1.2947647329066005,-0.17096378328523204,-0.21453367104328613,1.0783654477834224,0.2206088620513873,-0.39366855065939527,-0.18649111119034717,-0.03593846862545451,-1.368312914185915,1.2611253112452876,0.9494865399449811,1.0545213228246813,1.722504108510845,-0.3904564599736328,-0.542999234853432,0.20370835547185626,-1.527588879143288,0.7380243918576734,-1.1591410994801852,1.3356992755026968,-0.624853410960751,-0.38140478935425415,-1.0144100242313077,-1.5656360408696122,-1.307897145987283
3138,-0.013447132044183343,-0.14194252163915072,-0.05848776099948294,-0.2272609232857034,0.7832114238863505,0.880257194532931,0.7243247139763821,0.9367222894347925,-1.1007886480272813,2.3985491694672123,0.23383096465172196,-0.314395499449638,-0.6152234329182683,0.028104950713126103,-0.6417673265968612,-0.24428473030060122,0.20157936478149358,-0.5751779403703773,0.39189392538442386,-0.6417673265968613,-0.4541431437879306,-0.4784349673297628,0.2949083579753828,-0.6160316514972342,0.49531091899332547,-0.4541431437879307,-0.4127881075005947,-0.37025860256232546,0.18086961422393857,-0.8273865135169608,-0.4640384193058253,-0.4773266911099435,-0.5655984571644346,-0.4537983118799826,-0.1730716467019245,-0.2868976136914308,0.3623866974024544,0.22605151484703864,0.44588024561676076,-0.16245272223279777,-0.6134819780707468,0.11515356129009452,0.1990431117666343,0.22350685138162443,0.29878235111889084,-0.27739358385334834,-0.21938312435711765,-0.18033927230612676,-0.2472995538581764,-0.46143007428818245,-0.5169857358148182,-0.11681511976795224,0.37338585936667534,-0.24758549135776226,0.6037912083096122,-0.72232786343283,-1.0442781101123784,0.4943633628639515,-0.6240686185162376,-0.4500016938315434,-0.040092240350572614,-0.9824164420728588,-0.3410352677884733,0.42812195928497276,0.980778598513051,-1.6531856764494972,-0.2874968983184001,-1.0188594964324915,-1.0854815508349898,-0.6146289710542374,-1.3855415949184988,-0.3028326152996848,0.06305388164591354,0.887794295080136,0.3037764229294227,-0.4744848264330162,-0.19473448110809624,0.08936642700790272,-1.5207508831818588,0.7534037709351312,1.0144722304689444,1.1183843093499983,1.7279235551474337,-0.30441990813601255,-0.5509174028746416,0.14433769356056744,-1.489395211107839,0.7212760681867524,-1.160135438049504,1.2443347745921975,-0.7013446993764659,-0.3804623643191875,-1.0012836456777725,-1.6186190117584964,-1.3370195776282445
3139,-0.23233917653366973,-0.3442302581299491,-0.12123365159699165,-0.22983360850268847,0.8235316811869691,0.7767890290915752,0.6570860002669053,0.9286052250279005,-1.1048572308025608,2.3725594982719778,0.3779911492891338,-0.33006195980311753,-0.6320681678663368,0.015324629408084918,-0.621971276348875,0.042763168330650955,0.1247967116781943,-0.3866839661481672,0.3052668172539863,-0.6219712763488751,-0.5317487687737311,-0.2642426115041712,0.22093363022663973,-0.5104715520579951,0.44431850569224596,-0.5317487687737302,-0.22151971902428014,-0.6780078230559042,-0.6782565643786398,0.0007307923971729492,-1.2276893576091006,-0.27348132824164506,-0.5101451632091404,-0.4526242008221238,-0.15597626776642165,-0.2678597141877433,0.3503437499074729,0.19186613944902414,0.45135115056726943,-0.16191668306487056,-1.095560495047718,-0.5143127351994079,-0.4292161686295889,-0.347888512696835,-0.23870174335932773,-0.6530105765746608,-0.5836560503295123,-0.5632179147052252,-0.6232272252294606,-0.016240618605860332,-0.5338960736823554,-0.3619201977709667,0.2310010484637439,-0.2743957151931323,0.34835168778306136,-0.7087722887687827,-0.005638026539085377,0.49877396917185957,-0.6713748014024055,-0.47576057580806314,-0.14684008477864208,-0.9755761222172901,-0.18860268244634057,0.41877305814910054,0.8302287994220812,-1.653022566582063,-0.3512888314621481,-0.8820413086685996,-1.0146997367453718,-0.7163530860111629,-1.4176640852945293,-0.1712849485120701,0.12954657629829314,0.6907911712286405,0.3598136161565408,-0.28864619586960566,0.015764660458394288,-0.07033141146715934,-1.5831016547801577,0.563740881121002,1.0185669393918766,1.1228812901018346,1.7324877324650512,-0.2185995895421124,-0.520837743057141,0.02848356506120409,-1.4298636007909085,0.7341387698438316,-1.1801805690552614,1.1509626156114843,-0.7549982476025338,-0.3837270489619095,-0.9896495549790912,-1.6659085962097309,-1.3613736700458248
3140,-0.3123597406298996,-0.4321916542448431,-0.3035716651653862,-0.4464784309719953,0.8922266003786858,0.8129282164947965,0.7428365598830996,0.9993311801640422,-1.0512597615376775,2.442527360659498,0.4154251700164322,-0.8268935162297104,-1.1935478753566073,-0.3825963204620927,-0.8067455851746544,-0.40305695044691114,-0.0307808872349868,-0.7811776088517194,0.19277855092518945,-0.8067455851746548,-0.7065925863548023,-0.596183491287118,0.09707253695065422,-0.8520817815660077,0.37663380545091385,-0.7065925863548022,-0.6299023847678984,-0.3024894373641909,-0.2561836048059948,-0.5326139252290025,-0.7000884213337479,-0.5977374880278292,-0.8247051869764939,-0.7961253725068999,-0.45187037747218084,-0.5130122223976954,0.1390320672298942,-0.05716529181647983,0.26502108855098855,-0.35670486605417384,-0.2818497450365285,0.02001456907840696,0.18133721998395833,0.2520376649985231,0.2922234371169042,-0.2575901133970691,-0.15450162315706395,-0.153338353311588,-0.21800312383446338,-0.7142825056887235,-0.7765738878994844,-0.6281582274313138,-0.045127037366259684,-0.3250700409469273,0.33391050570121567,-0.7491185033830517,-1.1571863610824502,0.4548859743557114,-0.6754248848550941,-0.3902584445319281,-0.1803888939459807,-0.9688089689845844,-0.5224968693742781,0.1989304942031888,0.7754387303248165,-1.7208182691498584,-0.33679236849546385,-0.5748517002147693,-1.0674206994228923,-0.6903860104643975,-1.1901240981850816,-0.1633435639490462,0.10285395630284141,0.36815863433939056,0.7457153010615231,-0.37395473831422277,0.23384806977818523,-0.0699656446634033,-1.7084568720174582,0.3918054868941806,0.9575177231081783,1.0697568974307659,1.807233189770875,-0.4168209007811474,-0.5801278518808471,-0.1686972881327215,-1.362042237632714,0.7064659068069777,-1.201826352098578,1.0646885128597716,-0.847065515661941,-0.40001247326415923,-0.9797627811469679,-1.7203285003887279,-1.3835698373361038
3141,-0.30059363307583004,-0.14707385227637773,-0.11122739115470695,-0.05008284899991367,0.7564441855566312,0.8137319705275853,0.7988837260499068,0.6734566756433384,-0.7215974676739005,2.38878166668577,0.3737847325019508,0.18777287640469753,0.15483652318419888,0.3406892710902671,-0.2994946195953321,1.1009289983495125,0.06382276404940782,0.47423916582856296,0.151060516437795,-0.29949461959533213,-0.5251754007030072,0.6178456059052698,0.11487952598329444,0.12157939964878298,0.32638879093165823,-0.525175400703007,0.6544917724695859,0.949737157844151,0.028492460849200662,0.9638640568463748,-0.19762043836662263,0.46027961743360385,0.021784636338940604,-0.06510668362016557,0.11809926980930843,0.009438759134455977,0.4873239932046311,0.3121170468484531,0.6221947827224342,0.0032266748380988934,0.13168247058031493,0.02409324156209225,0.21396762474069994,0.33879883970692215,0.386593873048997,-0.17400890052538667,-0.04561224889824656,-0.06460058075619765,-0.13911065161675107,1.294610929864362,0.2402897495014043,-0.4140610174444919,0.24266359458190911,0.1715441292279098,0.8405754500664209,-0.6212594863587199,1.5997939388723037,0.4612538856376511,-0.6905333440435529,-0.540424105387136,-0.18623043165387482,-0.9620487757924447,0.18641845311181188,0.5819057036473914,0.7567444839949297,-1.6258699844224516,0.013648378775125165,-0.1532306426757563,-0.9384593046689664,-0.6119366537364753,-1.137276946629758,-0.09953346728407647,-0.2559747054115057,0.17759400367380987,1.0205631588999617,-0.3253589992014842,0.4906318040610028,-0.10572238965360897,-1.8911539550472962,-0.6936175211238051,0.6224074740364215,0.7362044421175349,1.6907401638453197,-0.27809872559593174,-0.5119241752106392,-0.34522873343535976,-1.2580815332046846,0.6809687297410596,-1.179330433324888,1.0307239197147156,-0.9354285196645445,-0.3880076649179087,-0.9680918934233143,-1.7615878006511934,-1.3964052991406417
3142,-0.28280049403864,-0.4380117999388717,-0.5358378459839248,-0.5370677065911185,1.1896647425645805,0.7930219127470275,1.075793908910034,0.9905377460045438,-0.09315491782628499,2.1068229636860227,0.7259837841053757,-0.7631239552143283,-0.8985912369652143,-0.46581458245889956,-0.6452845419659436,-0.7539188530425891,-0.11326562887670447,-0.8883700817204329,0.060894341593055616,-0.645284541965944,-0.7132883624723834,-0.6445808567305648,-0.014824719040072848,-0.8899196353945416,0.25801617864782367,-0.7132883624723833,-1.446784042136709,-0.9683515468949722,0.04696447738106169,-0.9982384800784895,0.586315913082111,-0.7049815459792983,-0.7723651488066907,-0.8415153961282822,-0.586244047186326,-0.5782380142699891,0.02033756017134197,-0.20333925403372669,0.19000562105790544,-0.4419783884867698,0.6898968675149797,0.3099508849624773,0.4820230801932232,0.6960218034080968,0.7162629191473274,0.09670320414535152,0.24970766947616385,0.22179593168145817,0.15398421563033454,-1.5709188221733308,-0.6621241787781899,-0.8947012450431558,-0.3531042487997545,-0.21429087830344926,0.5385216756793134,-0.9203362916841529,-0.7894065401247536,0.40244331805793704,-0.6774395764222438,-0.4573816341243096,-0.27390498158726656,-0.9553596828812955,-0.5466994080145844,0.09698441196750467,0.6337965420693965,-1.3155196701399081,-0.7815163641209245,-0.46539147723680774,-1.0553353220956048,-1.1216287311673319,-1.3159834688211445,-0.26916949537834495,0.6322861352685,-0.09075443765588029,0.846696996881358,0.11464512363406135,0.7547641281783146,-0.1124817011490668,-1.8349332610585039,-1.321081024189393,-0.00597756006765602,0.1099360112445988,1.4665371160467062,-0.3681336870234615,-0.6854889047524416,-0.4861865524314528,-1.1071329810146981,0.6294712591524386,-1.1581341198067656,0.9991024361668805,-1.0598148224918433,-0.3868708886623455,-0.9580675124956597,-1.7832984402174437,-1.4108593786701844
3143,-0.3569787867116289,-0.4248863703001647,-0.4519741962093942,-0.26401489370778514,0.7432497453230071,1.2276131820831675,1.0060126369660627,0.9002731606367266,-0.5659667166677494,2.249924554921202,0.5990489597358966,-0.18666541713360033,-0.218728667293272,-0.012525224458215037,-0.3726841216013648,0.5939057998859053,-0.09040067311250591,0.11482507325324688,0.008784724322165507,-0.37268412160136516,-0.6188940981986727,0.3211751062753868,-0.03638935148901594,-0.14781203612067498,0.19861482248670678,-0.6188940981986726,0.2855240544758986,0.0384178160261515,-0.23785988490617324,0.3526051475647435,0.18044518388119887,0.12031471660688373,-0.16008914163444488,-0.26450432143457503,-0.2103087322010034,-0.20062950916815242,0.2565962793822364,0.049723953507161946,0.43344405301516226,-0.19079163684962272,1.4103494032417636,0.9499075893861055,1.1509715760813115,1.5667066103249845,1.5476742789439673,0.7431181791853033,0.960700779927798,0.9303601908519401,0.8456832388521609,0.8909040884508017,-0.0704352047803136,-0.4398320843986207,-0.14165582851125857,0.31187708171957873,0.6930368868372733,-0.7942482207395791,0.4086239497923644,0.3990298946329474,-0.6723053468955447,-0.38664557301958363,-0.2992439178834417,-0.9487415173236409,-0.025733756952930033,0.3582409216267689,0.5911846046948593,-0.7795094089632798,-0.1923628074084204,0.30369352505418007,-0.5388731419551448,-0.8223364452464533,-1.3661459581303717,0.1453139696947032,0.08754641533337515,-0.47854904455181946,0.9873820107914175,0.33866884226296484,1.0645965550864855,-0.4119139483693209,-0.36321890903693366,1.850079594882432,0.5261667637997396,0.5794666042091846,0.8749891417641752,-0.47389655865168057,-0.7986502925508613,-0.3997913321015297,-0.9482352553719524,0.5909404218436417,-1.1341528015053162,0.9706209242969773,-1.1357876515953604,-0.38046465883003944,-0.9452959884124142,-1.8145472441617063,-1.4135647477130286
3144,-1.1264015382272523,-1.0747747182785021,-1.2400084811733119,-1.23598824078071,-0.6942252687019491,0.6818428786466302,0.46067692306223623,-0.6373465414740719,-0.6810000187656186,2.3219571517787814,0.527355719179326,-1.4814764205312498,-1.4965681577263996,-1.2750956114129801,-1.3875040078847696,-2.2021136653077873,-0.5449094510608518,-2.258506919826212,-0.18611916441071183,-1.3875040078847702,-1.172112713102398,-1.8907918997222175,-0.3376041005054485,-2.0473227724652086,0.08559512558881126,-1.1721127131023983,-2.7109973323724694,-2.174444904554953,-2.38881333327558,-0.4735025984514485,1.0743448667505593,-2.1563297234601926,-1.8057693763705887,-1.7888896287481233,-1.588504642957351,-1.3951787875870187,-0.6479996284410876,-0.9367652828633377,-0.4416928110237887,-1.0868176346203622,3.2674988633880204,3.4505774140463843,3.692489526810712,4.578122812311416,4.629611528440515,3.455551924452277,3.7809543558144916,3.8613427859801956,3.744914747937976,-3.107018883215976,-1.464939574943333,-1.4839279164348511,-1.2516252072461678,-0.6865724849867504,-0.02477916188723982,-1.019952303871986,-3.8687888557578516,0.14745293189626027,-0.5336921631189687,-0.048538236319063593,-0.7351933134519888,-0.9421941943608796,-1.1295971064880521,-0.6032924286016937,0.02720492180728484,-0.7684981282886016,-0.7759970535894063,-0.3983802818834764,-0.8162177626664279,-1.1492211986013106,-1.4352058959015501,0.029639493096722147,0.7080082587799266,-0.1605580808726903,0.6125805341033391,0.4111721657172409,0.8400576323160669,-0.41165628430284623,-0.6310506332525948,-0.04224903308198361,0.6464216643964233,0.6755364613157074,0.617358012538731,-1.0802308705306318,-0.8558079215707399,-0.7991678531604864,-1.0023921118738226,0.4534252276461552,-1.1356547670436117,0.9026294555887505,-1.1821034292649284,-0.4409212410813087,-0.9414017765686418,-1.804246790633751,-1.391046149797734
3145,-1.4126316157031749,-1.44939938066983,-1.3508065688247646,-1.4170555539032095,-0.9236495609744118,-0.7541597035922146,-0.8618573798507875,-0.8805064344227583,-0.4478314981366876,2.203707538684041,0.6591704653584477,-1.654814415666676,-1.6485067350731513,-1.469059699628273,-1.8300641682614673,-0.9839573116764915,-0.9094767709952648,-1.805697973379617,-0.44492147958525735,-1.8300641682614678,-1.5748514771597044,-1.3936293033717504,-0.6238618320570357,-1.9321460144628602,-0.06722085340468618,-1.5748514771597044,-0.41928150511743073,-1.3141350171069832,-0.9495177770474774,-0.04730114003518756,-0.4666740820186818,-2.1326363207356893,-1.8763997304586117,-1.89089336918903,-1.7825052642499748,-1.5707073655642825,-0.8207499057308293,-1.1290019491874943,-0.6035673387453966,-1.2542468574970786,-0.49949202021756994,0.08509210063829456,0.15635715125156985,0.702936946015301,0.8532940968138739,0.42173317609448796,0.572936316664157,0.6339036580748287,0.5687992137849006,-0.6323774247156133,-1.430788422772612,-1.6285795060996604,-1.445204783304614,-0.9117786200970796,-0.019257655859693003,-1.0862746241639127,-0.3401384302421963,-0.08185595242293633,-0.4035149097567547,0.29643024867978107,-0.8019498200251255,-0.9357177216839526,-1.3668706809931015,-0.7915254164537181,-0.06664806241380594,1.1525086302912757,1.1530234554923855,1.3695350819064394,1.0090561883786573,-0.0623729282286684,-0.6938925018263511,0.34965689087597907,-1.0507915529563738,-0.6132015142194696,0.14715707488151378,1.1592609752847731,1.1483534462675982,-0.35616224160871307,0.9049148637841637,-1.3172980061014237,0.5554999438905858,0.43784813930882344,-1.262781070190279,-1.624270194740025,-1.006010348260922,-1.3453415041763759,-1.3449248405558605,0.29422893945333717,-1.1317560239241395,0.7304404479065743,-1.1966358668525914,-0.5064988533198373,-0.9413616539803599,-1.7892368285991196,-1.3975168055133063
3146,-1.4713548136739845,-1.593652417578136,-1.4916789403152655,-1.5622968331736977,-0.7910812158263977,-0.9412070964897724,-0.8468875500768211,-0.7808195010332751,-0.21013815473618153,2.0699470264733497,0.6049967852528303,-1.7914530262723198,-1.7696115609141225,-1.6231566557660846,-1.9223024656639138,-0.23140563976121709,-1.1938663137447487,-1.4151394295177575,-0.7183267515645761,-1.9223024656639158,-1.8348332465142798,-0.9280264321268735,-0.8851279668831821,-1.7582206672406537,-0.24665635389713075,-1.8348332465142805,-0.5392810334741956,-0.5446339241837374,-0.2223855134466267,-0.4170927109583538,-0.48696313055739016,-1.7065920383866309,-1.9145516724395368,-1.9125380633966043,-1.9103924230494405,-1.6912164254758517,-0.9577708978056866,-1.280744914541203,-0.7364026172612488,-1.3883501167006318,-0.902533920736747,-0.217652705590758,-0.19372392079834638,0.2726787636992876,0.44106985093064005,0.12254309197364141,0.3081343048942271,0.30164247469664135,0.24365615585051287,-0.5297390558716615,-2.160938680240845,-1.4728222129702035,-1.7442663176865318,-1.1231390371430634,-0.26141521958410446,-1.0334388248635782,-0.13901403653362415,-0.3378225504161038,-0.27869214065022385,0.6545346571883622,-0.9219289656893942,-0.9293122042514128,-1.4707010824284226,-0.9477328710726558,-0.22804567716236449,0.966071841600724,1.2635130401499959,1.6946182259900868,1.3991142803466292,0.4127576220045208,-0.6037147479567776,0.5085542760706577,-1.1964217725904271,-0.8931876771190266,-0.0011075246214980474,1.049721708714096,0.9355773672314599,-0.34917844479938537,0.7330125921253353,-1.2114403862626772,0.2946487633572204,0.20052821393292652,-1.0608987174888476,-1.8349482593902133,-1.0412843623919472,-1.807264772552847,-1.4342048685981978,0.15716738613810377,-1.1286799824253606,0.5255461924476763,-1.2009477612222574,-0.578985718309301,-0.9435453524695645,-1.790840098600323,-1.3958554273401451
3147,-1.5978596110624672,-1.6815406885753643,-1.5077016529125862,-1.5561494507354852,-0.8821359444763309,-0.7401066027698495,-0.8283549313052045,-0.7894067193554811,-0.23003242119996223,2.0670959676906886,0.7239916507272844,-1.7768463047149414,-1.7557646047410345,-1.6120287597517946,-1.6597120570344055,0.583877269980629,-1.3428400490538241,-0.77354658478421,-0.9535582396412599,-1.6597120570344055,-1.8845048703366447,-0.2152368719666092,-1.0751038135603728,-1.3032214582116348,-0.43215229742507616,-1.8845048703366447,-0.08006423445973061,-0.3339301530780391,-0.4478813920888321,0.1699227899903065,-0.9115703642539306,-1.0888256581754159,-1.622635130906802,-1.6634191099568132,-1.798845111892478,-1.602681416645587,-0.940521435540984,-1.272255932692164,-0.7239870056644937,-1.3900112479367945,-1.556701368955462,-0.8861804743598359,-0.836919400080719,-0.49052109302042196,-0.2980161684737425,-0.5067520074699707,-0.3366803297216545,-0.3599708502485795,-0.4114993784192183,0.02043571553163116,-1.500557700565365,-1.6021204879182032,-1.7005475764809221,-1.2306580822090674,-0.4210405787242966,-1.4246150836107285,-0.008122892994997818,-0.5600997366363107,-0.1902651270131117,0.9934213895103042,-0.9373402270256835,-0.9228515301508606,-1.4335511514602137,-0.9449710706211945,-0.25546246062035755,0.7689161057920048,2.552049899887917,1.4376686628706294,1.9513801452155233,0.8299626224449411,-0.26086049170776837,0.46209659082342686,-2.5941149615227808,0.39840690990591315,-0.9791565937438412,1.1928829243138452,0.31621208686799024,-0.1638106975241746,0.7638720260776597,-0.4708586352335443,0.3002429463598031,0.21923558102713334,-0.8872048810790338,-1.9272619642243898,-1.1136947365209617,-2.0787007808530946,-1.47883265743828,0.04795184705820499,-1.1756806172788608,0.3425269900561676,-1.2242722404724582,-0.604709057367456,-0.940365049061835,-1.7202279662428859,-1.3979441502858965
3148,-1.7038066873472266,-1.691393821840537,-1.5591225847622876,-1.5681483926325641,-1.079270339269125,-0.891720235845206,-1.0243899958022606,-1.0152378873997285,-0.4880037628795061,2.407131321801142,0.7245862505034617,-1.78189783952164,-1.7601702958072782,-1.621998270532011,-1.3004281397603992,0.8141410708563287,-1.4149265865841558,-0.39229719009769687,-1.1356860311647259,-1.3004281397604012,-1.8133815446086563,0.22016866682055547,-1.2131967088559954,-0.9640496010843622,-0.6112196523992034,-1.8133815446086565,-0.19940756213144872,-0.04184089219852575,-0.3705227413410518,0.5736914456219658,-0.6502722164580794,-0.32874459152134494,-1.3884129308924278,-1.4894031932818208,-1.7118009159152368,-1.5488977308533731,-0.9439118572449816,-1.281842902288477,-0.7291212925603704,-1.4062573455986354,-0.5028965524076537,0.031531423019449493,0.12478255854759243,0.4901136985708838,0.6778815775556173,0.3807123015075783,0.6690110661116708,0.581820334136412,0.5251524680056119,-0.05545352739334105,-1.873073863195361,-1.4729405974431888,-1.5739454402103616,-1.2787478453296839,-0.36874911993069637,-1.3441982243673478,-1.5097312775664284,-0.7639918294226341,-0.1284185789538628,1.3206437386099166,-0.9685033528275495,-0.9579904933216168,-1.4106273709222172,-0.9370269306441208,-0.2608188220684423,0.5407461188768474,1.5824240126774274,1.6716881322173331,1.8976551120294542,1.0723252530046763,0.019294427623204484,1.0665595261585215,-1.6016348811724819,-0.6166045870997175,-0.6755350910644788,0.872259943774814,0.26504471124874346,-0.6615773567465185,0.7362452538194251,0.10305730963369869,0.5487339827157737,0.4759169454010268,-0.7047421341742759,-2.175202674350345,-1.1643893035497017,-2.1728491747034386,-1.4975927048462203,-0.10857526242719132,-1.200730353991651,0.21108622710548913,-1.2744898767778052,-0.6424227888692999,-0.9444999435405896,-1.6638955781507214,-1.4171044183737933
3149,-1.5062971502391589,-1.3288478128945393,-1.3434056753313006,-1.1781283379080072,-1.2268248473500962,-1.0913308403651754,-1.222322664968769,-1.147887154904461,-0.7458538461575902,2.3807970867810346,0.5547195905621672,-0.9443668674592264,-0.7490083204959369,-0.9516708812073017,-0.45268227832540386,1.9020007412164852,-1.245123354370661,0.8451994813923916,-1.1963194367290233,-0.45268227832540414,-1.4088039008238624,1.4196582801220796,-1.1918716844941941,0.1228156781819527,-0.749978674216164,-1.4088039008238626,0.79719626907788,1.342801418694126,0.6692784030877396,1.3902362258879601,0.22485410633212116,0.8708064955724166,-0.40889577657680665,-0.6055021446580207,-1.0445892105993773,-0.9934024498590175,-0.5726208151676111,-0.8961414069425845,-0.37167902484808646,-1.0357351102117125,-0.4107636359403357,-0.6282934005177336,-0.47422019135094406,-0.1971533256285933,0.005982463668061096,-0.1930844968164004,0.03758290903591539,-0.014534811077375798,-0.07326967009695547,1.4007952856831376,0.05581043525837166,-1.046834266963866,-1.220330904151603,-1.1170905445499675,-0.2901957727958261,-1.2057959964307887,1.6542272376064717,-0.8667912684345545,-0.13183369587456492,1.3529669392637897,-0.9612950409936374,-0.9515590068988068,-0.7103779199143084,-0.5577999494470003,-0.25951673809400805,0.3224094306841694,2.0971962957451695,1.4622662089986957,1.6796181294664283,1.1934898469494326,0.0030927370515477937,1.052542370749203,-2.1815405080577293,0.02523436552598775,-0.6182064982013539,0.5013229324146874,-0.022549071722781866,-0.6073920234750232,0.5389593626255447,0.03923804861095327,0.7975411062622675,0.7332091123223905,-0.5250697157134178,-2.2586134460545955,-1.1684021370061468,-2.089311091040806,-1.4867578025697563,-0.19070948950323272,-1.2408445720141403,0.1570144004758966,-1.3058074647687314,-0.6537959459900763,-0.9416056402325982,-1.599466712898768,-1.4254792697728935
3150,-1.2053075397248239,-1.2770598282673968,-1.13121265547882,-1.2393624175167393,-1.1300779028854167,-1.1669189056163596,-1.1269592341848347,-1.055991649158374,-0.7430285622438118,2.283373914668355,0.6469920839455018,-1.0256182649269256,-0.8449679996984203,-1.027188184222148,-0.05318126959876149,0.8916898387433462,-1.1437007887317934,0.5039213050825798,-1.2004749078921362,-0.05318126959876258,-1.1043827093079224,1.073223167243585,-1.178452211454296,0.07034715689319633,-0.8579971334915724,-1.1043827093079226,0.7761234285219075,0.18553976189883728,1.0167265664815124,-0.15641125400831726,-0.7551642096402554,0.5708779104813407,-0.3719114163526239,-0.5639712474781331,-1.0360933902652523,-1.022783226469961,-0.6242848593617389,-0.9651901006499504,-0.42725944557880546,-1.0975900551032367,-0.6246568348072256,-0.9113540620798303,-0.7665745017621993,-0.5282085179487394,-0.2998818292773371,-0.45810660827080696,-0.25997065621444715,-0.29902320476945987,-0.36287428794234244,-0.22019314589963906,0.2452527927689995,-0.8897193404688633,-1.2314403724384542,-1.1916947834171308,-0.22470240330137592,-1.2003547827737948,0.08617802975737603,-0.971446298735604,-0.14399987186804014,1.3525603592282065,-1.0413831640022693,-0.9452044946626564,-0.7056560150062942,-0.6231545732985695,-0.3682034467123962,0.43873729605800593,-0.28879882431550596,0.7126254130022653,1.0508575945780012,0.9452782985654141,-0.10330927079791277,0.8534373585233447,0.36790146455648914,-1.019832515617029,-0.6007655277217039,0.09061655942374584,-0.37679072531843,-0.5008419756598985,0.423174927736909,-0.7068239673126986,0.8025547127138488,0.7316990182260666,-0.6210367578307039,-2.323156388659651,-1.1943939129202175,-1.982358593458645,-1.487962580450602,-0.28111007061671006,-1.2691748910141205,0.12822392391878298,-1.3215932462927085,-0.6701574077911535,-0.9384240669955077,-1.5418256135099995,-1.428324261115391
3151,-1.2393682725583715,-1.3735864206973696,-1.284488901067254,-1.3517535814887052,-1.1184427749397925,-1.060950433538427,-1.0941049838999761,-1.0291654774199483,-0.8418049464587154,2.284889107682681,0.6824928515895092,-1.1742137751029127,-1.0201184709482318,-1.1651265215694337,0.037657113684534345,0.20325379197506832,-1.1122450875126435,0.14795934771139257,-1.1919853879940554,0.037657113684532194,-0.9091199333846155,0.6880913201312835,-1.186799658713523,-0.07996920427923875,-0.9461267311980328,-0.9091199333846148,-0.5686807288403986,-0.36471480442744386,-0.1199131522605252,-0.4971937907143241,-0.40731714048491585,0.07968405120925048,-0.3416528005725338,-0.6051892235784924,-1.0843447257722336,-1.1231715036911853,-0.7229255257362814,-1.069212919890449,-0.5313469659311759,-1.2092068226214137,0.025330388340763885,-0.6055980495095361,-0.48476640272168275,-0.2397146517604786,0.017866800389539268,-0.15395413037938158,0.12906355515902826,0.01460355706969422,-0.05514950106677771,-0.41250010296211853,0.30620774469974604,-1.4086300431603713,-1.0650347511767366,-1.4397248017883995,-0.35827052890600897,-1.1304028147642047,-0.5226669826533875,-1.079004959837178,-0.18517956257414694,1.4103914637650794,-1.033615807510215,-0.9389273888875544,-0.9261677065468721,-0.7411069592137686,-0.3668811596264894,0.23145945181739722,-0.8574451500469938,0.40972540359424003,1.057459633678281,1.0470838068397361,-0.21271377260494304,0.8185713362470608,0.9424240578304196,-1.1288305349643541,-0.9308406215308177,-0.01601635377583797,-0.7243214315267195,-0.43409758796287956,0.31822417400424974,-0.37490404668954314,0.8877331963872813,0.8312506296521295,-0.4235830723566836,-2.341596864521462,-1.2125154110359828,-1.8238410860047367,-1.4779085183536145,-0.3693620242771946,-1.3089480926109553,0.1200724019263621,-1.3344466781696211,-0.7015639514899978,-0.940071687984468,-1.4786351386484315,-1.4261081921519796
3152,-1.3121250240602451,-1.304079815547759,-1.1355977982083265,-1.141499584733146,-1.1852827455898167,-1.0892530651062022,-1.1905892986496363,-1.2363760648394815,-0.6963496367578011,2.228593082600228,0.5771706474628184,-0.7402177360508766,-0.49344472337126916,-0.8152409200088664,0.3781619631658127,0.7611519564819552,-0.9710351540512888,0.7138491122403606,-1.136319163770447,0.37816196316581197,-0.581148325701664,1.1554147824209753,-1.118444587309128,0.4532330353671574,-1.0013920556367049,-0.5811483257016639,0.538351253447453,0.24142416946270037,-0.25512134501913036,0.7030299169022216,-0.9011282386523479,0.47757329529619846,0.21817942434058474,-0.10298258338184087,-0.6687185659290026,-0.8176954495202217,-0.5299374639719996,-0.8424012351671796,-0.33884527634275247,-1.0063074540149453,0.020477479654406768,-0.5098056520140754,-0.4140618308784203,-0.17928852386360536,0.09408066977768217,0.02672292061787562,0.2982488416184407,0.10053520039775615,0.035823786116216734,0.7418602498235044,0.6174084008551374,-0.687709263540452,-0.9920423636159574,-1.2315199726888426,0.09793000419325051,-1.113924175390262,1.0379735572404427,-1.1347830140355082,-0.25494136573503723,1.4197902995589653,-1.225404029222282,-0.9327282512205443,-0.2614526453980626,-0.5407458986827481,-0.6156623517672823,0.06613230991798053,-0.9236947708832536,1.3250733072885919,0.7697492758305651,1.4942967578623136,-0.05557490133429571,0.7198744730981261,0.9898963274629247,-2.1831641218964997,0.4145527092644813,-0.8381008236650157,-0.43642044171066446,-0.1877223771071764,-0.07193811394210739,-1.2127623540685313,0.7240755748620851,0.6838421936939308,-0.28084062101469565,-2.326959381333246,-1.233297307410574,-1.7506272244423797,-1.4569726969706764,-0.4710854225976081,-1.310187093735128,0.0615866528684958,-1.401190538230062,-0.7108343927681523,-0.937393663145528,-1.4180010203121807,-1.4137548684397874
3153,-1.062936204218173,-1.173190614533787,-1.0439349257716521,-1.121370187154757,-1.2254916886967315,-1.1843019047641405,-1.323519201732002,-1.171651139065525,-0.8400689413019664,2.291101407868332,0.5192119083866142,-0.7120995378009575,-0.4615753839595767,-0.7910539005226714,0.5445901264810359,0.3728052795494288,-0.8543376509026223,0.5916954089364059,-1.0580398088048089,0.5445901264810359,-0.30843356940962285,0.9588662630306325,-1.0462071351824447,0.4844189177780119,-1.0295239723517293,-0.30843356940962496,0.32769665924486174,0.46708034039938445,0.8261305468823653,-0.2619455764583287,-0.6812332391381403,0.25965736797346445,0.4397689636255173,0.10312080535105626,-0.5477228786471561,-0.7710689760699891,-0.5149667063883843,-0.8087347655782017,-0.3211045945666327,-0.9893390755932057,0.853398303491135,0.01275589550716873,0.015624735063796477,0.24048167824304073,0.5782132534415263,0.5056465644930782,0.8734715837361291,0.5780869825918331,0.5148314156196845,0.06277327839880227,0.6687509505493117,-0.9457754003006249,-0.851531505817172,-1.0874735904878992,0.12236846712385116,-1.0700518797706624,-0.22832062965193722,-1.1566332103282384,-0.37089509252247027,1.3401540580514317,-1.2773873356268,-0.9266077813211616,-0.14804351611908684,-0.5272769661685497,-0.6894091179809223,-0.052610178597978785,-0.6901469748595287,0.12529105501876087,0.6401375790439855,1.2017600880624912,-0.5986853484333314,0.6887276720253219,0.7258200955052858,-0.6785616975477188,-0.6925010167045853,-0.6508428417490917,-1.1106157984439604,-0.25744720193548204,0.08930910694772877,-0.30443871440676196,0.8628014324118065,0.8279261049120468,-0.1775333798489462,-2.2993813316040876,-1.2238920772677435,-1.6121683615768425,-1.4281649587876948,-0.5771888808161159,-1.3195490188366983,0.007138599225322185,-1.4061537039776963,-0.7233269379797121,-0.9337391036005417,-1.3550264488113977,-1.3970519912890702
3154,-1.1203955527781442,-1.117434578533569,-1.1092360102813115,-0.977535296692565,-1.1541882427593642,-1.2598282791835245,-1.2440883856065195,-1.100688225108235,-0.9326191484487985,2.399203700263703,0.33909222697953584,-0.41733731382318096,-0.10154559337944277,-0.5544096028246982,0.7612026638113224,0.48632259486935436,-0.6963377253195309,0.8057892552941279,-0.950203286283593,0.7612026638113225,-0.0035411644469341154,1.068631734538557,-0.9361949179033463,0.7508228294047963,-1.027702035524228,-0.0035411644469366312,-0.24201011305444822,0.19465236032208644,-0.19800075584014296,0.5806286522743759,0.041783681104125545,0.5818370594277834,0.6861869770442033,0.4463676235709136,-0.2500520859262486,-0.565059879448114,-0.3917788460065036,-0.6569641645237285,-0.18977021003637365,-0.8490333420736766,0.4844306345111834,0.321722078555908,-0.10396566882868627,0.1204455121078548,0.43680729958405434,0.41519187995791257,0.7388496589275708,0.46988021135372793,0.4162417406316512,0.4994578823806169,0.2825243473017331,0.2588757265834581,-0.7158726836636364,-0.9701972955493117,0.4430906255408181,-1.0258942760976764,0.07708166580687943,-1.1463847639693532,-0.49836355743887123,1.2982322164776587,-1.2535673224481758,-0.9205668265400875,0.08078897575542619,-0.3923789843710513,-0.668322930377519,-0.2545072415076838,-0.601796312628714,0.4991891287855947,0.3945582196844466,0.9240916811870332,-0.771742994973236,0.628388336423991,0.6051169043926032,-1.020252526343746,0.020026376187811806,-0.606928971990262,-0.5287227473418074,-0.2941752840470695,-0.14899873452811302,-0.41449935362961643,0.9424330251614152,0.9221585091384509,0.02589986604718532,-2.2077100002294245,-1.1775958877176154,-1.4144795308200944,-1.3906070307733072,-0.7081994062474888,-1.2988701780887673,-0.021186478432951683,-1.409042968152525,-0.7262646589024239,-0.9301774003998825,-1.2952211263343318,-1.37734976496244
3155,-0.9377452876104015,-1.0533044520346988,-1.0240109878235695,-1.1358380963066623,-1.016618896107032,-1.153015874906401,-1.1651606743350484,-0.9970726266887829,-0.7952366870221154,2.3476588929549993,0.4340183010987858,-0.6824119670857571,-0.45763879556904524,-0.772946126592567,0.602041242628752,-0.35525427079226124,-0.6583850890801454,0.19207473742575767,-0.8650760247827494,0.6020412426287515,0.11050729602212433,0.399270373670589,-0.884506486251025,0.34953129774205716,-1.0148215453975205,0.11050729602212359,0.30452923770781654,0.22488796456369609,0.5954696902722764,-0.8305023934898612,-0.09545396451737491,0.03071392494907449,0.3023338378775669,0.2879511520153169,-0.3955822157438146,-0.7375042136337139,-0.5478244183659476,-0.7929443669230282,-0.331331215715995,-1.0146780992724516,-0.849159060785882,-0.6024234760120345,-0.849724335656696,-0.6718763857338573,-0.41615772974440685,-0.41866388285123673,-0.21216637216429715,-0.3710693580030108,-0.40897999591395734,-0.5563551218981622,0.13714634790265137,0.29284458829401827,-0.6700754199028754,-1.0638043245683808,0.4036727838258991,-1.0905477239041754,-0.47822998661226307,-1.1566366736277862,-0.6080431462470587,1.2167241069672,-1.2279831671792518,-0.914606392763713,-0.25028890785151003,-0.5525093244569433,-0.6432377491403662,-0.40607840158137787,-0.8866520482461483,-0.9441287302185565,0.15533326125621635,0.6923898966622554,-1.1638489575484583,0.5603613531794103,0.8880149263872347,0.3438287553303153,-1.1950967429037702,-0.6070154463025778,-1.4509328953242095,-0.30753572165464316,-0.5191940573328566,-1.0824432878808559,0.788987470534422,0.7858642368996076,0.19474438162037577,-2.122165074447153,-1.1154788379630325,-1.4360553748991909,-1.3495434849251369,-0.861623085022453,-1.2794654575289794,-0.06861048966017967,-1.3976515308378852,-0.7371869464030126,-0.9317790983676101,-1.2405822066380288,-1.3504220890214336
3156,-1.156475219029651,-1.0601689235837837,-0.9852212693672582,-1.016370215539132,-0.8128268695868571,-1.0537236028058012,-1.000997231639443,-1.1033570193001276,-0.45591353013524527,2.144832617884316,0.2294509753302027,-0.4291328476051183,-0.14227884221632472,-0.5715666860949297,0.6404537376407332,0.08658239333868015,-0.56390364479871,0.4849289709976588,-0.775118340959473,0.6404537376407327,0.2800081527967737,0.5929818419640538,-0.7987290385205741,0.5909560695406701,-0.9856537542806019,0.28000815279677344,0.14020507221280254,-0.022848224697332907,-0.7188868828990972,0.5821346225071646,-0.3668431790939484,0.19942018963915986,0.44079913440723145,0.4869148198871339,-0.15268726588145495,-0.5514629767993031,-0.4429454552844571,-0.6580385734451866,-0.21433801124571286,-0.8994256167779625,-0.4631577296488643,-0.2761228008215303,-0.3376086487469008,-0.43192623383189965,-0.2104787990184642,-0.18185845733268982,0.0388566239356654,-0.1582213617769229,-0.19391504777452004,0.42507592991410265,0.49855207649308547,0.6154084476369893,-0.903124009900287,-0.7053066175370316,0.35221013729953266,-1.1618721928488291,1.2754713498640786,-1.1349192019520313,-0.7347355912735859,1.1408059198635105,-1.2197350617666687,-0.9087276565707421,-0.04084300716104759,-0.43902378807440756,-0.6395673569107371,-0.4931001808327684,-0.9390094771261784,-1.0622386244322393,0.07454237961338982,0.8259797737476551,-1.228822048089765,0.6551732848808869,0.9327082747850011,0.43336686168835803,-1.2137693128662346,-0.8435274157216013,-1.671020234327252,-0.35454884346855314,-0.7929364337049348,-1.5816545331242813,0.43244188222595253,0.4471694171881022,0.3156624790619444,-2.0060748306788825,-1.0491348520991541,-1.4930820904785842,-1.3115711103232974,-0.9864707428180945,-1.2572619425875293,-0.13777846539510477,-1.398827781241941,-0.726733269658352,-0.9255923027626491,-1.1913823024435863,-1.3188848972227438
3157,-1.04700334369318,-1.14255298885911,-0.940548414860363,-1.0140404803009448,-1.0072406716417213,-0.8695393388095225,-1.0020514867257053,-1.001126342990451,-0.43714327311016593,2.204294463882549,0.1466260119849287,-0.4341801326014332,-0.15183224953261315,-0.5740403792866048,0.6102458739014637,-0.06738769588770167,-0.49152217938338866,0.37195095790418203,-0.6897371796374729,0.610245873901463,0.3982848288509586,0.4130888702361661,-0.721085144139257,0.5368505533607166,-0.9453199287248106,0.398284828850957,0.16479952601456813,-0.29419376143647286,0.36573646624491185,0.12856235188294493,-1.1202197857543759,0.13058432554500268,0.3361143758585288,0.430976319985075,-0.07633533213673015,-0.5111432269196811,-0.44716035231758283,-0.635280835507543,-0.20609000457423113,-0.9020402359900132,-1.107337843038043,-0.8961054387792595,-0.8442744078270094,-0.8982564147976586,-0.7072515527554651,-0.67735965408744,-0.5259369609773087,-0.6455880778791601,-0.6765436147834694,0.00841819063447759,0.18336801246342052,0.6111089810090107,-0.4706381715777797,-0.816570062635861,0.33306570597961527,-1.0963708591437744,-0.28881389612003794,-1.1015194375917359,-0.8664771905179247,1.0701759706230052,-1.148133887630421,-0.9029319788693512,-0.14178359666258156,-0.4408744701230429,-0.5582042365934448,-0.6408186144995842,-0.7955259539573819,-0.8097305749353644,0.4925004771522234,0.25355710199805825,-1.1820734989742767,0.789691019732605,0.76078722581495,0.26816478006458,-1.4776969492406469,0.2520185142913049,-0.8993352801191808,-0.6784892282896406,-0.6248275439731554,-0.6732962939206185,0.40177514633741435,0.425385201619492,0.41921640151683065,-1.9203132948451962,-0.8153241812226765,-1.5467616461384297,-1.2432131427573054,-1.1123676666395284,-1.2276730283614068,-0.2305432096136158,-1.3944094943237793,-0.7252710498384688,-0.919214910262366,-1.149925978993006,-1.2854679021241213
3158,-0.9721529543340153,-0.7291912122892168,-0.7921827173946799,-0.5816796966938276,-1.0605634198602294,-1.0706730780847853,-1.0739744809010543,-0.981190463767667,-0.4522220828916345,2.3488492518694546,0.11579474866560313,0.4286290594358548,0.8601682872413995,0.13387065970568401,1.0587921185964988,1.0146151089664472,-0.2331689021196269,1.323919086867081,-0.5418935700338212,1.0587921185964986,0.7508906538032556,1.2340631781929126,-0.5291946335194845,1.3303413165161224,-0.8711341583395315,0.7508906538032567,0.5278189095985788,1.4832022759121917,0.24466388243377454,1.5925688307343542,0.41865482923110214,1.1106294187838586,1.0076533410591424,1.0813760202771296,0.6006414700941074,0.0624167276975222,-0.061241631420139116,-0.1931999905633468,0.18535254497751877,-0.45705454784601635,0.586147497903822,0.32907196284128837,0.28472101107947895,-0.02267904814603192,0.15564077224352704,0.23419001762787237,0.46699300698305796,0.229591507142574,0.25401485835310805,1.4942290289388878,0.7961931660174276,1.1222115969926951,-0.3178088873659684,-0.332109748490539,0.4566199043927625,-0.858514266968413,1.043949426183401,-1.0716221013078622,-0.9264540059428695,0.7428753118882089,-1.0467484119428605,-0.8972209202094221,0.48863531548044015,-0.028424736827473554,-0.4402479682227757,-0.8013458941886413,-0.9264681568073878,-0.7983366650857637,-0.23758501417087433,0.36402601926844835,-1.1480942045250415,0.7231715622412899,0.8794058131210644,0.1529543889049732,-0.5379777849927919,-0.6649415621933736,-0.998527099085643,-0.576707256562588,-0.7483299265151079,-0.6096364743314303,0.40488864763540255,0.4397557225845142,0.5619296657129494,-1.6399544898426548,-0.7631011169711451,-1.5470198582803882,-1.1345942550560502,-1.1885062471216097,-1.2120776665431423,-0.3410503780364586,-1.3905487021757321,-0.7067468173354893,-0.9118812722193054,-1.097657338292298,-1.2495912155199385
3159,-0.5369791394824597,-0.6996109039570487,-0.5428195445605135,-0.6354672926967656,-1.0786938905928192,-0.9997998736428498,-1.1352293750555833,-1.0347619638950412,-0.34302231446176884,2.2107461476399215,0.10726735581279767,0.3088188991345965,0.6866800619413534,0.044512485877074084,1.0647662384200878,0.018938051498067023,-0.09016425149086536,0.7319835529380948,-0.3930524134340559,1.0647662384200882,0.9191641441573635,0.5925476967493535,-0.38748931251654706,0.9816833058057035,-0.7809740966821604,0.9191641441573628,0.8771451174602632,0.10181056740078621,1.4071713247908546,-0.4001762750645998,-0.8602178447011686,0.7375070415538229,0.7881144325981958,0.8351140367455222,0.554318077523671,0.027181137557292522,-0.11937085393770747,-0.22591509698510479,0.13532747798486383,-0.5185590234353454,-0.702782628147757,-0.8014268924221475,-0.8126635360785549,-0.9018000326426115,-0.7166132412257432,-0.6620988926277266,-0.5313028672414671,-0.6399345701809875,-0.6336574106772355,-0.1829725685795323,0.4989063239126697,0.5959875089443915,0.5536597534189982,-0.3742650765182119,0.4142318131713379,-0.9523097477145948,0.32897049508652243,-1.0193001704025615,-1.0235898844977034,0.4535654478665909,-1.0441684943853886,-0.8915962579953582,0.3873966624526069,-0.08504054014299356,-0.4438420484185896,-0.490866943602737,-0.4561251110731291,-0.01606036847344721,-0.5117037790493657,-0.38898000225128193,-1.270461448258465,0.3642902172243896,0.42036694649562645,-0.3406088463866211,0.6325562884540509,-0.12016409195550497,0.37290723898576833,-0.4830004036350009,-0.5618403448472449,-0.9900953487700516,0.3159688893153367,0.3294526330931911,0.2624399347248378,-1.3830788442240682,-0.6311478126563309,-1.426004331978761,-1.0544414686128565,-1.2790672190446284,-1.1941374957230577,-0.44681217146232577,-1.4010663419275786,-0.6767996074377681,-0.9045535099464249,-1.0508780003774283,-1.219592612379936
3160,-0.6661438244750414,-0.7545957292475967,-0.6152895319541954,-0.5828160756987077,-0.967067500460407,-1.0523776345976525,-0.9520479556263978,-0.8943232603059534,-0.16786886010778468,2.1690311048996955,0.1426402317050445,0.39741214269143627,0.7849916717397162,0.12021121864477578,1.0032851892649863,-0.13447829532247813,0.02710174460415045,0.5995143387667338,-0.25254674146168804,1.0032851892649868,1.0280917621381744,0.3883448927271337,-0.2566800252020306,0.9049269928040985,-0.6804523624488203,1.0280917621381722,-0.2518504986029736,-0.18836129005716176,-0.4095992798847789,0.32619404886185605,-0.7521256409322524,0.5558945427116723,0.7584206797955058,0.7755697902034762,0.6453000671248057,0.1265146042606082,-0.08662024969788439,-0.15456268990267263,0.18512495659625552,-0.46781554524334557,-1.0507268493382258,-1.0826268673649122,-1.0239399130975644,-1.1119288906737723,-0.9399352105981773,-0.8889111968392278,-0.789289723273799,-0.8618349146835057,-0.8616593499942721,0.1753429901555515,0.818398787077761,0.7263765712847656,0.7928151958122519,-0.14399576711400827,0.6782447972009206,-0.8927266614818378,0.3575757057190381,-0.9775557091933915,-1.0936567836515094,0.1708789087175049,-1.0254678876679044,-0.8860600058610052,0.4521643697084409,-0.039666049488369354,-0.42732952925848555,-0.6477708637223046,-0.7344654923477629,-0.7579489493732872,-0.9573381513465357,-0.4440452796588018,-1.2514948517474356,0.4404984452773057,0.6964712175306896,0.25938758837126175,0.4186407506548083,-0.542593800863777,-0.16486642831757223,-0.5745234271578782,-0.7667511302382483,-1.1211756358367335,0.12290502408632047,0.15450978984163616,0.43303351133808926,-1.1856891630050646,-0.5446801012546766,-1.2355513312447801,-0.9526384054921571,-1.414861492781787,-1.1894283783031878,-0.5793165032183901,-1.4115703584041364,-0.638464722776088,-0.8951965572493087,-0.9731280739877308,-1.1929244025088048
3161,-0.523929914945382,-0.6297616173564694,-0.5132173002745657,-0.6973955250650411,-1.1690724260482983,-1.0200735291235914,-1.0247827958221998,-1.1215381689839663,-0.6508645340487283,2.3324923070989705,0.2646803189553223,0.13944558446449865,0.40821329750906743,-0.07032204973009182,0.7214823351129344,-0.6601945372891497,0.04684371811888615,0.10291795345691909,-0.1518686988866576,0.7214823351129346,0.9856572074296545,-0.1476050130530854,-0.18357567118944615,0.5117781282837509,-0.5841835402686056,0.9856572074296533,0.356798292826189,0.4335399744091114,0.44744268857738123,-0.7301812728686198,-0.645457977593519,0.01821153795464412,0.3968871866722518,0.4914207364447314,0.5253825405782253,0.02337861889780933,-0.20337258959433316,-0.24902972748871385,0.0829849905054285,-0.5941917330736155,-0.7891255713403328,-0.9963321850043091,-0.9548508351071266,-1.0793175580239665,-0.9259885815099619,-0.8451046669821101,-0.7686038508215659,-0.8477435736414783,-0.844505116477759,-0.4067461195636548,0.466014755796807,0.7332750181505158,0.8375133476901888,-0.5746772406026753,0.4648823523101627,-0.5624413128095654,-1.1852233074353082,-0.9284166518470268,-1.1790130197580895,-0.05148182053834681,-1.010694162168993,-0.8798298521318471,0.22408938716174867,-0.15638336875419698,-0.41765832016562865,-0.8067891818043561,-0.40557075514075064,-0.6306316933358992,-0.6512724419465145,-0.79093711997296,-1.4195526919410157,0.37249229104980086,0.32438577812949915,0.37706112797815206,0.16365547478495446,0.1752513368839574,0.2799885513077108,-0.6249295008327481,-0.37031332640279596,0.6023890111170299,0.6077020915240721,0.6378609663582072,0.5463411393983888,-0.91871166981348,-0.5227813980673761,-0.7975975227202001,-0.7785691836793424,-1.5490565256715876,-1.1926908125811913,-0.6371155466211625,-1.3805085892921083,-0.6663306205689539,-0.8893105978669944,-0.9739483548419473,-1.17595643633775
3162,-0.6612013548165446,-0.494184344866399,-0.5027925706673563,-0.38742194330665536,-1.1235825221403317,-1.1825766660931853,-1.242897271134087,-1.1543769505650767,-0.6855224252547115,2.2771246340803475,0.3508423878987149,0.7208869236427028,1.0731521758835407,0.4186562321154824,0.8796342506807823,0.35361568285667166,0.2028898109001711,0.8167070503965934,-0.029818411420579713,0.8796342506807829,1.117358385477136,0.4741738401101032,-0.03706444228787,1.0303967186763836,-0.475256690455661,1.1173583854771354,0.028736547132952785,0.47020966159396743,-0.4579087800762621,1.1265816382387392,0.09001538844168111,0.5685885898047813,0.8618362545452821,0.9268679912228569,0.979307691044386,0.45064980996819876,0.05955822740087353,0.07143015660738933,0.35847716282032055,-0.26754329521969267,-0.06202339020038171,-0.45104188978023624,-0.4916189407223418,-0.7407102722666712,-0.6276577398846883,-0.49280398723415475,-0.4258563968177885,-0.5421481981536461,-0.5290316094588497,1.0703281232134183,0.9200731684296078,0.8316277525677979,1.132271299757516,0.10177806671863339,0.7805955243454047,-0.4949949128069017,1.4307278212295766,-0.9112125005945151,-1.1888999207621322,-0.1749269473234976,-0.9623983425565366,-0.8730002168968108,0.7091595926641204,0.13575613447428167,-0.3672773292848571,-0.9100234279500944,-0.7432851972400148,-0.6018554538253892,-0.5673295890596006,-0.14936605955381388,-1.3235356602512496,-0.1166657198428606,0.6703774972474792,0.08637995734911577,0.08729197096051018,-0.44751339018422004,-0.3325997795211285,0.06215953087597873,-0.8435432231790375,-0.6478656633899604,0.6331975896893324,0.6731475459957955,0.6483817332962895,-0.6471079344272237,-0.5153433652593502,-0.18243079403369772,-0.5208452696838775,-1.6783630800023919,-1.1991461693271304,-0.6813193032173831,-1.3442247931969569,-0.6681461319419623,-0.8808168633816114,-0.9314203374336976,-1.2068279476649206
3163,-0.30204990770940293,-0.3950684946827205,-0.2929553926755905,-0.3158509222179716,-1.0482664175889385,-1.231241215736071,-1.212783412319321,-1.1537788899275028,-0.43922048401459346,2.2053198002249363,0.6086665731754717,0.8341884450923851,1.1917096178186153,0.5192748475634711,0.9136567216576873,0.0719394317683526,0.3310016542865727,0.6692011498865111,0.09658642105743626,0.9136567216576877,1.197705690467504,0.28940409313718346,0.09834751901933088,0.9521305177575659,-0.35864177102669925,1.1977056904675036,0.7473638655830527,0.34002911632215516,1.184395573911631,-0.06701818929593363,-0.5811961480246521,0.6209203007702311,0.8380628717292987,0.8932138141263812,1.090546965800542,0.5625942708508997,0.10655965032856753,0.1565304547581094,0.41723770686611855,-0.19518413024364273,0.5632653371828438,-0.17201016017518767,-0.32955014442751884,-0.6106613292126278,-0.5575592169895469,-0.39480234127860175,-0.3324545048527803,-0.46291197542157975,-0.44772751062464355,0.23748762806540366,0.3707371397694541,0.8872982438139144,1.2148972483027876,-0.07348129552402118,0.7390626065961421,-0.5342915350098177,0.5551844726312027,-0.8329240076512062,-1.279490267450628,-0.23254449336665395,-0.9367472745052735,-0.8662158961698824,0.7987436635347006,0.19912348189270446,-0.34431743337841875,-0.8255864964774534,-0.23472876650021685,-0.4411979028867218,-0.055075690383766925,-0.9959822643765489,-1.3992275266739365,-0.3240662280839642,0.14025273010020872,0.30620475838284034,-0.3957862661875612,1.0514449986448666,0.6361959961559998,-0.024480567974218017,-1.0096696636001439,-1.4104407894884916,0.38532225335749243,0.42581154774331076,0.5789636342486922,-0.23696946864640264,-0.33227355149505966,0.09912634600583142,-0.20295160582622254,-1.791212121177956,-1.165551229193479,-0.8100128962565997,-1.340749510502265,-0.6570814114646608,-0.8709138631139725,-0.8996895921056147,-1.2191903736257825
3164,-0.4238369150279685,-0.3185045071202588,-0.2413507977752944,-0.159089061516214,-1.078243768197871,-1.1313187462707617,-1.1551177539624955,-1.0287167371785413,-0.43168464637978193,2.0777067201849646,0.6175289668493646,1.0925558203004737,1.458769615301931,0.7500858378011982,0.9890946263785457,0.1622238203077753,0.47926302867550075,0.7749563114477751,0.2328827917696822,0.9890946263785465,1.2945373995574572,0.34278892592229093,0.24758739693224954,1.0532744405878984,-0.23288494905350754,1.2945373995574572,0.17843465648385937,0.26063648840957704,-0.40672177459451825,1.07811699821419,-0.4415742094979383,0.8035322536342975,0.9860926971893663,1.0282610989737972,1.2436847540742553,0.7795476723206923,0.22765229832698247,0.31651713328784375,0.5492725754065432,-0.03279026586710025,1.7102385041540509,1.0419160028200607,0.6529070953367241,0.35214754835397344,0.08040756685907718,0.33934602628251787,0.40572166536635407,0.19121288606943584,0.23830949782133348,0.5307866025159415,0.6813845748308425,0.893227136754529,0.9602348873825528,0.9449255910098688,0.9113668862571553,-0.2983515799889281,1.1449726808510798,-0.8505081176299443,-1.2305429233582905,-0.2414578988226848,-0.9015195475520356,-0.8593156798864492,1.0288013596588366,0.3450413862909629,-0.30955717543101896,-0.9718792154659528,-0.7665246302241028,-0.3353136074736834,0.1207926785286184,-0.9650304072390523,-1.4216359509802496,-0.3072076997315406,0.6874272414308805,-0.22298364415700925,-0.5074990112376072,1.2072384404586478,0.6911125201455904,-0.031756949632614107,-0.9332295319603369,-0.726176534726639,0.3635019821575969,0.41725890853667047,0.7088931191374095,0.1987813313315458,-0.2827042946239294,-0.5242010317762301,0.3137785672593422,-1.9171515623476447,-1.1251076564267135,-0.9207957986462562,-1.3305083040705388,-0.6632886062219935,-0.8682874374683531,-0.9358006413092812,-1.2661625802550194
3165,-0.17516590231792475,-0.15021061451199325,-0.06888892734541,-0.06393893734644075,-1.1972975091674753,-1.1364960103824588,-1.1576259624466292,-1.108862264802018,-0.4570392580699155,2.159334589158384,0.7012046553568427,1.2387773732986553,1.6021369142499742,0.884628621368098,0.9910816912163886,-0.0035669030355626376,0.6090527393008052,0.674888958802412,0.36925217903146684,0.9910816912163894,1.3545398244914189,0.20682398074917951,0.3888427316613594,0.9961777695457823,-0.10159889219466535,1.3545398244914186,0.6117002439560806,0.5802926040163452,0.8114137553824039,0.4438248609671521,-0.477655827130091,0.7735567455883418,0.9571496779493824,1.0372751820959558,1.2812275987662987,0.9108501357041994,0.29045610676506195,0.41302810939909423,0.6237768771798067,0.0617883306896366,-0.5706495055094728,-0.49492314694240813,-0.576729617445082,-0.6844904471164284,-0.77278813321813,-0.6390773399683719,-0.606643971605504,-0.6952821413719186,-0.6843837829047923,0.3164164266813533,0.7444132009387762,1.1874058379790728,1.115167674997844,1.209365796383579,1.0150095017026577,-0.2766110202769176,-0.02595987236357748,-0.8478800734657654,-1.2149126443578029,-0.15747079157861357,-0.831186102809507,-1.160599132870353,1.0948494716218287,0.6218722861248823,0.05338896864841668,-1.0647639856309097,-0.5354130232044501,-0.3049452012720954,-0.2917450329921504,-0.5594906705668016,-1.2877190392439837,-0.6438908434709791,0.42881671847884195,-0.07383848598993163,0.048215008411356175,0.3125806205541315,0.31400511240115003,0.42987830367901125,-0.9956372733110133,-0.7097550582538591,0.3808581699404204,0.44053529089425975,0.7691971855409322,0.7484845299616317,-0.09666576409141357,0.1366645021053445,1.148910406102512,-2.0441071356564042,-1.081837673052089,-1.073517631193863,-1.3114944836258973,-0.6633726034781022,-0.8638100270564135,-0.9143542201145617,-1.273963542550422
3166,-0.05020088450909087,0.09203760519099065,0.12830757457408942,0.24110820541132047,-1.3697331084001116,-1.2866847775279968,-1.3969648122735023,-1.3179269896087846,-0.6610355198396108,2.2299202517303454,0.587534029154905,1.678116590504325,2.0063842219219445,1.3078019285491596,1.2071798224354322,0.4846739782077275,0.8236469831031723,1.11348792891118,0.5354227493803,1.2071798224354333,1.5184066519401227,0.5777810540332522,0.5817222615788084,1.358055427294348,0.0453011660060045,1.518406651940123,0.6936759088320106,0.8305645962619572,0.3982325089801384,1.16692649334523,-0.23009636427564847,1.112111529938935,1.3073770954821073,1.4042579342793755,1.5961905757147241,1.2858654643232093,0.5536153313817418,0.7172864604566463,0.8857051866970387,0.3828655848417383,-0.15137369743815404,0.01285703913032477,-0.04990048537825934,-0.3283337875088336,-0.5010453477198961,-0.32404426907774564,-0.3279539567863096,-0.45021779208519946,-0.42007214292411277,1.025886116671866,1.3680375998767365,1.3863295402221356,1.5279005675731892,1.633284164525582,0.640002773618214,-0.0836559712331442,0.8232977417391028,-0.9149982002876584,-1.0247202694827662,0.03416330665493646,-0.6938612393589735,-1.1518235107297223,1.435014093658849,0.9132504249027955,0.21311280679944286,-1.1861991341374964,-0.4177715059290608,0.2046491464653866,-0.021247813951653503,-0.060864943210976324,-1.134649347432179,-0.7511320498208847,0.28724522687353793,-0.5422475678352409,0.24171914779077974,0.045540590350226805,0.22356555259516778,0.7026783975160377,-0.9687584189127968,-0.3725079832236902,0.5770790671635384,0.642758576097604,0.8462329464614592,0.7919342753422651,0.13277844539826195,0.4387590470259766,1.6447690031058428,-2.009603953163685,-1.0394648557614246,-1.1794525919717376,-1.2582338435340021,-0.6588169658113128,-0.8642110812102634,-0.9072611237397857,-1.2901621443271984
3167,0.20886917754772732,0.23689874756251508,0.3778612731892174,0.36579091004561676,-1.513921131569471,-1.4066253332138645,-1.5228465795238224,-1.4390396374675245,-0.9849245766105048,2.3502149540016775,0.521257018710408,1.8228745010071863,2.120323993437471,1.461066604157378,1.2562678378255696,0.11698142527627164,1.0023891182501783,0.9260466429125104,0.7091489765948827,1.2562678378255714,1.6171686468974342,0.35749779487117983,0.7618841021710361,1.262000228479447,0.20198274762474747,1.6171686468974344,0.8715806983982061,0.48838453146837263,0.8276853097091696,0.6217843668701605,-0.8460133203520849,1.025445887627138,1.2674500106396787,1.3892221537993197,1.6246666351521324,1.4240642197890654,0.6577868030176403,0.8401431266470747,0.9808887030722704,0.514432151238274,0.4177263390933283,0.5438563130936112,0.5084943819593669,0.10895878911132806,-0.14008414502269367,0.1310826647426576,0.05596797178340039,-0.11129521525052885,-0.04492631767656806,0.4100837743140456,1.0739913397077643,1.5198922862594442,1.4223930567752825,1.735710307846286,0.3723241967315209,-0.19079361835338896,-0.1057021916119988,-0.9420244622828524,-0.8395918033147318,0.2703492948544706,-0.547850405606551,-1.1431460430442795,1.4334709456479184,1.0275271084608288,0.38339129202261263,-1.0824650562476217,0.5585098945420648,0.5995043580575877,0.7523554026037511,0.754606563294626,-1.3360086055926375,-1.030853787019509,-0.7329967294292382,-0.23046397270981203,-0.32758460058543654,-0.03916252234614438,-0.284508084892059,1.248234617822011,-0.7720540640907286,-0.15170750079823425,0.9153484684310514,0.9666138555746786,0.7160358539373894,0.8753754295246329,0.31291083392321745,0.5453284831288193,1.5990683639221903,-1.908773564280877,-0.9895610771300487,-1.182126818629858,-1.1244944996459871,-0.6258175083771658,-0.8544681372814926,-0.8375388162889201,-1.275167914930805
3168,0.3641574502230177,0.43703487826121873,0.44828339822634033,0.5436547602917429,-1.3912595838195099,-1.5740450641979635,-1.5699899557355748,-1.5097688126305435,-1.0319157163212103,2.3733901236544925,0.5106661842043654,2.0167727390355976,2.2684140385315468,1.6721753977273819,1.2840708185807455,0.07403964690077768,1.178416064744432,0.9239424402847273,0.8872437585820175,1.2840708185807466,1.6965841237240742,0.3102511977719428,0.9442679035132945,1.278185820429475,0.3671810921172198,1.6965841237240744,0.23918902401149722,0.6741853354880578,0.48917547820559415,0.7078792605370033,-0.11223869873694518,1.035349781240563,1.381748931128086,1.457897640289956,1.7109854696690165,1.6110103697893994,0.805236250972499,1.0058762533418688,1.1194295229558833,0.7022428401175992,-0.2665454902373897,0.11471643304554865,0.021017389676444016,-0.23525827891118553,-0.4492281147201179,-0.21290521076728058,-0.2993804459784473,-0.41950586886376756,-0.36767005833237315,0.5859468880080209,1.2198384165551588,1.2004917753511994,1.5646066141534807,1.9006323768628586,0.5379205631968761,-0.26223894522378255,0.4988376101456209,-0.9330693692103921,-0.6540273323591227,0.5603791227215215,-0.4195759261699376,-1.111708431587756,1.5476351632185659,1.1767669654769493,0.5098477680874225,-1.1881089554895459,0.20409151285292315,0.8815316760497123,0.6033660386969528,1.0522938468983565,-1.1979349905424215,-0.946940874821918,-0.3705786970237207,-0.8164563889788491,0.15209500485042252,-0.5357739683631186,-0.3614625059630723,1.2679886032365206,-1.1001375717168695,-0.7987490368058525,0.9530495044845816,1.0162197802291861,0.8380794032276994,0.956809299069219,0.47255580737794844,0.5206197308877325,1.4966757680981306,-1.7983463268738291,-0.9363464654758579,-1.1964325116847918,-0.999295353411881,-0.5662547714410906,-0.8377504875497329,-0.7504016621919929,-1.2336615337846568
3169,0.5922405895911275,0.5041398952831501,0.7349812186439915,0.6017737205393561,-1.451044517244132,-1.4352510714055604,-1.5483390299628148,-1.4114725562495674,-0.9721702131655613,2.323091647028452,0.3708698061644651,2.0614428801165894,2.2915934375257905,1.7294833606986908,1.1502848791899087,-0.3032385097129142,1.2936087583263112,0.6108434842898478,1.0468375062604907,1.1502848791899092,1.6824612408295105,-0.02565651285513375,1.0924771411387515,1.0397830924235552,0.5318905631914514,1.6824612408295114,0.9959136916168418,0.21898332986962907,0.7161919921079509,0.04175318209603863,-1.3643382515843219,0.7567219471300936,1.242751087904175,1.3075325493451737,1.6514430879458806,1.6425035972244624,0.8409829521582887,1.0523332555612825,1.1462056547314252,0.7619452355489519,0.14979337876224044,0.21511833721667084,0.12255307186502129,-0.10211718105693882,-0.36955255448104724,-0.10754366386030076,-0.21064163406369135,-0.3339605976173721,-0.2733092766380313,0.1864333891602084,1.067049440701701,1.325494644384789,1.4659304287813064,1.5550241882530262,0.6655414858465495,-0.12323877017278675,0.39365785659231944,-0.8927481228016773,-0.48931851708980983,0.8501420743250168,-0.3435232065658601,-1.0491460514426256,1.5315212706422718,1.1906940184851376,0.5423625609845028,-1.2476529984420863,0.3942419960554081,0.3483355864281491,0.8815457816555383,1.4087195529725347,-1.3072293113936155,-0.8265668128342031,-0.5798403033679521,-0.08051621965270543,-0.7541849722412154,-0.6414290253404801,-1.1435641594170805,1.2727081410553884,-1.251585366123894,-1.1524278854789072,0.8848105274027045,0.9546393348494193,0.8797593729945545,1.0335972045087358,0.5955351335193014,0.4866597625490995,1.436049023400384,-1.7040977353340534,-0.9050448785107915,-1.1988646685860116,-0.860886187129808,-0.5182152952467374,-0.8271079702618706,-0.6540543728393252,-1.1928947124904279
3170,0.6061893446555929,0.5476839209559862,0.6920712338330295,0.5579949823159597,-1.412007878512876,-1.4597207718584917,-1.4242853466949656,-1.343919279461827,-0.9169170387805153,2.247359640292727,0.4536054696753882,1.9121473220962613,2.076938290632284,1.6275237720370141,0.8397996780778907,-0.7186190545700301,1.3210718277287417,0.1527329365590039,1.1630349295265718,0.8397996780778921,1.544635573311636,-0.4834602489400835,1.1834661107068885,0.6410932269464197,0.6837797427287083,1.5446355733116357,-0.15332643146295208,0.1397526021006522,0.03715964497970368,-0.18494856794539757,-0.8823903023341968,0.2721413932952574,0.9319251714188499,1.055071482430687,1.4469704624184165,1.5382166476487633,0.7928700655487936,0.9952900328218006,1.0857179247281747,0.7129859924697515,-0.5407581079689873,-0.35320074769376936,-0.2542936846907737,-0.47219208449822353,-0.6488926585890853,-0.4421455584469424,-0.5231668689264385,-0.6146111123957654,-0.5706336303206611,-0.15157179543088184,0.8636969212732994,1.217332862780534,1.5866952039628548,1.5737550867755252,0.31304741581847234,-0.08821995159841299,0.13604700846141918,-0.8047069201058026,-0.3670253257692403,1.13129622489607,-0.30976309121839085,-1.0050328401797022,1.402464703712693,1.1188797267178479,0.5406576451061981,-1.3664305556949023,0.18417099881586851,0.5619461581657882,0.731778960016449,0.882875866050865,-1.3587238679885372,-0.9977430619478702,-0.3721454132490626,-0.48208835453680593,-0.344988498551688,-0.20765961571319566,-0.44657262003927406,1.2569483057609345,-1.359784180698745,-1.1133828292776904,0.8154674297667432,0.8992791460024729,0.9977142712924136,1.053909107242543,0.8392481109578044,0.521673777766156,1.5131621790247358,-1.5998769959039092,-0.8473366427846118,-1.214362716052731,-0.7081859117876768,-0.48125561853279136,-0.8194661309874819,-0.6010938826688652,-1.1708838858341024
3171,0.578975842510024,0.4638378927890711,0.6481517132749705,0.5789205399611694,-1.458158290654985,-1.4740590045943962,-1.461656535110636,-1.4298063407959183,-0.8932374007434557,2.177438826997416,0.39885666494687944,1.923078213499381,2.0809260423695255,1.6442946002636074,0.5694182043611249,-0.6287834237427453,1.3239386542722993,0.020178629480270126,1.2414896408129112,0.5694182043611253,1.3752389067529904,-0.6087396523916183,1.247227733535714,0.45015020008025397,0.8194167564209016,1.3752389067529915,-0.15884662811193465,-0.2911626250307252,-0.09313674406308696,0.0035683338885018233,-1.103499297641884,0.13898760867157972,0.7232195095166514,0.9089770296823801,1.3300417543350997,1.5358560070794411,0.7995361657641549,0.9994605039347695,1.0830559527884804,0.733080648975216,-1.0239828168345337,-0.8421294811168426,-0.7176465745080173,-0.8054254494515235,-0.9110092177701236,-0.759545032917305,-0.821410301555634,-0.8782147816204996,-0.8548816269460218,0.06272745266210412,0.453844607319887,1.370249590309459,1.4818274402348892,1.7019224249521048,0.5136398076641763,0.006202843042108816,0.3547881422414613,-0.7669156243043156,-0.23617847632434222,1.346737674512372,-0.24296381809589926,-0.9974685381967718,1.3407910197744346,1.133456254127657,0.6132579523435219,-1.467712140641111,-0.13673319531029954,0.40182412592744987,0.9760471201263219,0.8662573003579552,-1.1237639804849222,-1.0789668452048786,-0.04428417165705573,-0.5571029599630059,-0.8207593409137033,0.07668176585663351,-0.5559315587909368,1.3271483234117498,-1.4276030666131776,-1.050013951225217,0.780102901540518,0.8741640049660729,1.0826527974192692,1.0455789418361707,0.8982157769495176,0.5625687156096477,1.6930676869720764,-1.5264092592799996,-0.8190200736545141,-1.1800849124499082,-0.5743867314795171,-0.4559869257527142,-0.818300280230976,-0.5804537238442462,-1.1486859698557352
3172,0.6331997469763971,0.9967435684984386,0.7676886020009676,1.1708555408183636,-1.382559769585471,-1.416412194296256,-1.429294709953857,-1.4573450555062422,-1.0933120344810157,2.291743800394143,0.29561123526680416,2.5249580644513947,2.5488625496435007,2.321510889861901,1.0297175467444897,1.0756656926055346,1.5766694792070404,1.343378413453553,1.3829935645413076,1.0297175467444923,1.5472448542008264,0.6547686857507177,1.4493408991116066,1.427031441374079,0.9724139818115941,1.547244854200827,0.41230801470705836,1.8025683584291077,0.16515078607421876,2.1067248022132263,1.1964577216486734,1.3605462213759676,1.5391286886884843,1.673542168799853,1.9926551441966134,2.1955066542234714,1.3230858976645086,1.5554393041336863,1.5857958086292727,1.3704103577146436,0.9099373104923326,0.5229799209175573,0.6077903966218557,0.3379330602999731,-0.07107889758179228,0.2089459508456978,0.07703397829546507,-0.08754016320676096,-0.0031289916649752583,1.9593844744399866,1.1009499517735828,1.6461222114189773,2.0287793152846687,2.0055098599141616,0.672446045229159,0.09085556152878935,1.6453471137198625,-0.7768824135744073,-0.0035275380541172578,1.701593385716554,0.05882883855258242,-0.6181466471056054,1.9103776446388536,1.4596060828398765,0.6220219201359704,-1.5688246506178543,-0.668140918323206,0.6825540706027375,0.8181709900544059,1.117316866233896,-1.2588957655900195,-1.2048212725800573,0.5086437939655166,-1.2844275808305377,-0.32964068506321637,-0.3858163232980757,-0.5899496617133657,1.5289630593897268,-1.3410074380628048,-0.40830780964699315,0.9735932707838099,1.0777539563138159,1.1941663822836857,1.0575419187588586,0.9212958246032799,0.6575884797083145,1.8075729516116876,-1.3612976910000776,-0.751813256509882,-1.1148605205741688,-0.4333305041169707,-0.3802788106040265,-0.8070986561407195,-0.5280482523986966,-1.1060952059317914
3173,1.152885484206423,1.1810426514716839,1.3190057796879664,1.2417979692045344,-1.456861763964859,-1.435129784180569,-1.4330316515614425,-1.4065834955594978,-0.9850340065141387,2.283523131661128,0.31588260154285513,2.546681477058438,2.5490821921632096,2.3663749462060135,1.108598180944371,0.18996273755218862,1.736475490815403,0.8758263404384813,1.5337853215616521,1.1085981809443723,1.5940385101131906,0.20152104105621726,1.6092560678517434,1.1479207916697167,1.130242739050782,1.5940385101131915,1.9101523832647362,0.611022788833309,1.6357184988536584,0.36162539848660136,-0.877436960070216,1.161923991378236,1.3695854880970746,1.5029894984773213,1.9049955278620314,2.201889385087271,1.3707833766741027,1.5828613339543358,1.6211614150477325,1.443922572823233,0.37552011544192787,0.15301165958668908,0.1875034432545391,0.1350715202414025,-0.2332462524819135,-0.024726747356222788,-0.12993195821171355,-0.2749633297266507,-0.2019587435479861,0.2323739096616006,0.9487559070926185,1.6353650219451774,1.6443388333494655,2.0377377715475715,0.6105817291627174,0.07392356807443065,0.2616316598170246,-0.7261719488487801,0.1958246007128396,2.0610311927060905,0.23268429745526908,-0.45505902596995745,1.7755275112662348,1.4235514844916273,0.6779460696044531,-0.7547486604457326,0.1439642600953504,1.2176494035587742,1.8725081877733114,1.7215044168767542,-1.3198153721644923,-1.301075262969718,-0.25128721562137424,-1.2467410287965437,-1.131663988480445,0.06525991988230441,-0.7868390161750122,1.8192101273695427,-0.8148908687757728,-1.2709491777728699,0.9358708265567911,0.9667127481438509,0.40656034711605266,1.0604838490930804,1.0750953739358078,0.7740782288113306,1.7714022254213515,-1.1955427150336104,-0.6732685947310024,-1.0879056091146986,-0.3866958878275474,-0.2960788664012135,-0.7932384549163077,-0.4836224298638548,-1.0852497301492936
3174,1.224994421969667,1.106498227184625,1.0721398773775737,0.9133229550343451,-1.1671049430159819,-1.4543604074598535,-1.0623759984249077,-1.3144261725590054,-0.6903921802267102,2.223856092174648,0.6279244218443957,1.630257595751463,1.380834373676137,1.6857642121726706,0.5341930529103472,-1.342210021411961,1.648659337755491,-0.42509744704737124,1.6028224163719829,0.5341930529103478,1.3094329106465925,-1.0416499532070516,1.6210742654859078,0.12290656390663819,1.2593550338238815,1.3094329106465938,-0.8310617866966541,-0.24392407009215342,0.22382098703839975,-1.1634756172578045,0.0828876880441126,0.06336904077408463,0.5546299129245088,0.7500320859595013,1.2987607330479272,1.6878462808096968,1.0607810980104602,1.2253233577938794,1.3078594908599652,1.0892273109345336,0.05966555673234266,-0.006069876581926607,-0.086777568308442,-0.02332765306773157,-0.26297894333248845,-0.21412369011722635,-0.30298829349705586,-0.42603215741902084,-0.3586777828162509,-1.058964088097091,0.41650890240235844,1.1084362440844888,1.3930920211766415,1.6055917107519098,0.29728392424991523,-0.12477361190783778,-0.9592113847964054,-0.6347333934956797,0.3104192668715449,2.1756329804200223,0.35943086731606594,-0.44919116529855974,1.045362199921907,1.107168315415945,0.8220995061931753,-0.9042856762099065,-0.0020644253807743785,1.2413468588283385,1.2040556704166137,1.8778971919256087,-1.3286908013967773,-1.3054597853221082,-0.11486157863043898,-1.3848941821623733,-0.24470183893936776,-0.8480783455318955,-0.9375142146137564,1.8711380146355427,-1.108986952555405,-1.5458827744187051,0.621368046076333,0.6745523951186305,0.6084092627378263,1.064223863546748,1.342050954409302,0.7796790690974141,1.851284377643839,-1.0693105489958379,-0.5577573923426131,-1.1070169570206185,-0.35592751619309315,-0.22341499059531914,-0.7731281800691743,-0.44281792521851,-1.0569078526237516
3175,0.9661600860885092,0.994208540412988,0.9992989817939479,0.9043963128413881,-1.1597258159336077,-1.1935427397763765,-1.0856941144443015,-1.1262144535250886,-0.24881865259867347,2.082711067755098,0.7149525029456238,1.5979664061615804,1.3497371205973445,1.6560017758180128,0.13940415520952246,-0.922117020475374,1.5569667085694918,-0.45080882412301837,1.6158287127810824,0.13940415520952265,1.0300390984357943,-1.0375333485871574,1.6074998139194872,-0.0499261685336006,1.3596698273173549,1.0300390984357957,-0.2532068417923398,-0.3742079413956549,-0.7989739353695994,-0.22539929735302688,-0.12663725847157883,-0.15693192394266192,0.35789015516886985,0.5600407039287326,1.1348591998027655,1.5674142042701549,1.0430396518707183,1.186233026165899,1.277960115160411,1.0832829022481247,-0.5369201633900521,-0.48380455805443845,-0.4986402728591061,-0.3975416375939568,-0.530597645783724,-0.5304943591732981,-0.5918062233080215,-0.6820028276420942,-0.6312945893201042,-0.034301619170693104,0.46620433189064225,0.9938179638890668,1.3290612663678465,1.7425196388770365,0.2796858364756462,-0.19433385927589905,0.5625065571648903,-0.5188105595245136,0.4012886057619537,2.2200817946593117,0.44991542282622243,-0.4433102715427562,0.9055799716594453,1.0927108162721573,0.9224892898551604,-0.7570271653993685,-0.6736415221807097,0.3054389062569261,0.7379151181122695,1.16916307544887,-1.0910050356380188,-1.0674795781025115,0.621323459471206,-0.8603397687483687,-0.6368250892979249,-0.5436880876077063,-0.9560668549180058,1.4048447063391392,-1.068202595394233,-1.8499650136283652,0.18430063060717067,0.22801020256814547,0.47000604165892185,1.0266744365001692,1.5579413167948017,0.7152062889680214,1.9778291076056498,-0.9617434466769404,-0.4252604446285967,-1.2121963784735719,-0.3183816333644151,-0.14700871292286224,-0.7485334464958593,-0.4063878393097018,-1.0285944592127947
3176,0.9267872479584546,0.9428360738873353,1.0493911653403731,1.004900695593417,-1.1832962804023432,-1.2344076844891794,-1.2182759197142732,-1.1909865408129239,-0.37042567372503127,2.075778785281752,0.682712483963891,1.7070224440259834,1.481393927307607,1.758735991447317,0.0018124548006697948,-0.32139460086323535,1.5146361834111879,-0.19025501126786037,1.6088422020339466,0.001812454800671019,0.8339835378257106,-0.7398480420729225,1.6043573895674348,0.031427008644475396,1.438989174374216,0.8339835378257113,0.16690006704712623,-0.17834682497575016,-0.12884095482293037,0.3098076091210102,-0.6938662502647688,-0.1170362222690588,0.401880600875063,0.5651350256600646,1.1261614183290642,1.5701297675290677,1.1213929270012455,1.2533478092026813,1.338332932928453,1.2012559187697085,-0.816926328514649,-0.6229792521591595,-0.5662383892270212,-0.5161347469940428,-0.6232460798541888,-0.646332848144285,-0.7022592050399774,-0.7739926011575264,-0.7356662397164985,0.32215397052620487,0.5789067204010603,0.7709066964768007,1.5297715679277477,1.7019882522196526,0.35830867165149455,-0.3053429010218246,0.34958173012249993,-0.41396049326041784,0.49731044109335215,2.2571963768634804,0.472170192545179,-0.43753155040168384,1.041693240883902,1.18000821080364,0.9411953728039433,-0.9125252251090614,-0.7274190811109374,0.053944356318711244,0.6230230073465596,1.3314129663021466,-1.0309043857370523,-0.9351226678078279,0.6589160084110848,-0.6225767334806576,-0.7549992824255815,-0.8587280289251455,-1.3210973327537952,1.3320635722109226,-0.7815883329819046,-0.503875306238197,0.2934868657656651,0.3504050956690283,0.6122139757392839,1.0124495384189,1.63588580013376,0.791178660277351,2.041062900041968,-0.8523761573666626,-0.294274026584623,-1.3076215756580905,-0.24998768708009375,-0.05254687329472537,-0.7141653160536466,-0.3576887647139917,-0.9924929507735474
3177,1.2432048363757886,1.200960433511351,1.1502731829490236,1.0585835345524277,-0.8717656342669382,-1.0575220097164775,-1.0211223454129197,-1.2581565516189566,0.5616567628793544,1.8587272562967294,0.556501638483233,1.7576268890112698,1.547369014431343,1.8046060985736747,-0.06588217345108234,-0.15615482135978653,1.4825529261920047,-0.13892090776437876,1.5921790831865483,-0.06588217345108117,0.6688758982148159,-0.6299261767744034,1.5964127016382337,0.00045697455124689884,1.5002126969881509,0.6688758982148169,0.3378616180617678,0.856400271075795,0.9833268054207908,-0.6937440219760893,0.16872538369005563,0.09353598667980619,0.37169184670146455,0.4962047278161757,1.0504681547719292,1.5146727983553265,1.1560886917899895,1.2756583252327123,1.356108798849131,1.2690074110893004,0.26628044780677157,0.15529797182489374,0.08157054114998498,0.06853378156338254,-0.14780837467190847,-0.18740764745940905,-0.2727410859228313,-0.39470104221749264,-0.31960198518349886,0.16641091728968405,-0.163253386060687,0.6940277202363017,1.2717772540760792,1.7335524209486257,0.3685100900680035,-0.3202634830994606,1.1456768556287258,-0.24931858385577713,0.5616397056739726,2.3680314527780006,0.6002025584714341,-0.40726611699453025,0.9545940591359582,1.2082565456427785,1.062401144327557,-1.0401396055715535,-0.6156541772976215,-0.3337070963723937,1.0021907742752196,1.302530914102122,-1.0967778611333623,-0.751868285092958,0.5224687500124028,-0.10410026514214638,-1.6611542094959346,-0.41701641242460363,-1.5947961261676766,1.148161712204822,-1.6761604774466166,-2.6850029768119743,-0.6677203651899534,-0.5862357162983052,0.8002279741336418,0.8470189580114547,1.7375704473673308,0.8233591084436633,1.9190194722277154,-0.7603891585423153,-0.17920549994962487,-1.474439319353403,-0.18542113710092528,0.042303057083662006,-0.6767884696227789,-0.3352757384044262,-0.959227177705364
3178,1.1433646191537477,1.161532039732253,1.1786271196918683,1.3177692999639499,-0.9995571605578796,-0.8796247969044168,-0.9766013940793404,-0.9121198109012396,0.42234775762255466,2.011179531623001,0.731874259654863,2.0337508481840088,1.851720102900536,2.0803009017773877,0.16132135132936096,0.5314859304955922,1.5529199323597829,0.4256424386792411,1.6057022795133338,0.16132135132936345,0.6595568179451092,-0.037329568267817324,1.6430596430537447,0.40088363487443135,1.5590528694820065,0.659556817945111,0.1012961751516666,-0.13463103915736166,-0.3144711245154523,0.6985157240853477,-0.22103566337850367,0.7926734661762851,0.7115364940525427,0.7857093726653384,1.271145078992056,1.6982618682993127,1.3770127470313172,1.4966211882777096,1.555005284692831,1.5570642030874797,-0.42510541951916025,-0.4802170335888539,-0.5200663562537651,-0.4292464688608887,-0.5524509408510908,-0.6112546008468216,-0.6724117636078546,-0.7466489301360014,-0.701644226466956,0.8638063358353724,0.09214473660622777,0.7757527791282193,1.4340495242794955,1.5457618486565292,0.48496589528921874,0.03932853704522642,0.21316567446964577,-0.1037725048589731,0.6549304864350275,2.463484751255971,0.6038555575064363,-0.4018745193611534,1.380773227765054,1.44626803778199,1.058645651383645,-1.1705907092852397,-0.8099121128688551,-0.47630542237366913,0.5395092961989408,1.376839195719429,-1.1185835827287964,-0.7007488009574221,0.7127285893527533,-0.09458974815695684,-1.207394649175696,-1.0085035501971706,-1.7777762946192197,1.123829509926864,-1.0222631966679971,-0.36372960758706424,-0.5385366796932928,-0.4481114659305149,0.8973964120121505,0.7474593810377469,1.7670194646679742,0.8207565308984327,1.74120249959543,-0.6316278909349468,-0.022677078800334174,-1.5820451818194368,-0.12098673992526973,0.1230474057271531,-0.6514688849083322,-0.35178029205424954,-0.9331216635116468
3179,1.3483649816981877,1.2334316820105666,1.3455746810232978,1.2197551476527388,-1.0121223934535188,-1.0810721292812158,-0.9631321895094017,-0.9379948043776395,0.04084402516726693,1.9836695029580154,0.8482367445168181,1.7614689135498458,1.5030387426765088,1.874941510359353,0.04376336654126387,-0.28804459873842997,1.523257149107294,-0.13625001576889034,1.6037844948619453,0.04376336654126396,0.5220833058932917,-0.5331606734258145,1.6332577805285449,-0.01729807132379374,1.6035398770828477,0.5220833058932935,0.6084956173403547,0.24890820990566184,0.6526391255552144,-0.4989867309978692,-0.798941412550769,0.35159936789666674,0.41938420793027004,0.5028383491545177,1.011084056256822,1.4831344432665907,1.274043344173766,1.3806894524623587,1.4483374119271575,1.447303954320166,0.9456055751771583,0.5918070550383533,0.510497875873581,0.4322308778350478,0.16530037454964672,0.059691022794968754,-0.055158348253152314,-0.19947428785872565,-0.10150764006002125,-0.33404669249979513,0.4118726276627968,0.6167788530978493,1.196360282796853,1.5169872081178215,0.6474412379129871,0.4282240119840658,-0.2682755351507216,0.08829803177147982,0.698589426233116,2.567854825196195,0.6296157495233612,-0.3612909585114942,1.1915309673560859,1.3312097877533116,1.0502076768189845,-1.1340962261205563,-0.9350508581261223,-0.34910083875485826,0.8431505534442649,1.0758043405039022,-1.2104620295887962,-1.1052129257178103,0.8529696956615302,-0.33359875157418994,-1.4615010952214575,-0.33425047377458955,-1.369000283129249,1.4018706026166061,-0.8283472559275439,0.11845039805152169,-0.1470195314669566,-0.06250234354549242,0.8580861516583832,0.6336347552050815,1.7449307813162527,0.8431150067190626,1.6154094248713604,-0.5354681205691858,0.11746253769724913,-1.6281736411928387,-0.060593398562365,0.1560148549272729,-0.6571336465032604,-0.3926109791704932,-0.9578667397336126
3180,1.359913824303894,1.1799110454869997,1.3249334659614562,1.2456620813015542,-1.1003437442191306,-0.9941007405057538,-0.9236165295050448,-1.0147135156688822,-0.050963219033919156,1.9846564847471522,0.6882087632309639,1.7874526676016695,1.5405363830437708,1.8970324759956214,-0.0538474043280528,-0.2390610683849932,1.49012821063039,-0.17809412266608235,1.5902235112242082,-0.05384740432805044,0.38875517102074614,-0.5279750370351304,1.6148132249800868,-0.09706110216905556,1.6346102789275334,0.38875517102074614,-0.07706789094276226,-0.19312049702123016,0.036469831170707755,-0.4480444073548076,-0.995616684674925,0.23290510397425543,0.34202056929479463,0.4500743776610291,0.9225695745219022,1.4144506642943162,1.2829693668891755,1.386410081942154,1.4492508720422752,1.4733441600768598,0.2124969376184328,0.11686066846130395,0.10524192205792005,0.04291846100127068,-0.1145289567686797,-0.21014057795664182,-0.31218609605316927,-0.413876307350814,-0.3368200654477497,0.08305385510523282,0.4655316137914962,0.6909745405145752,1.1300581034276278,1.4952830404406328,0.6902396497436212,0.5156689395256595,0.056362663993863284,0.2063168938789049,0.7676551858524133,2.646885870788915,0.6900513066428265,-0.35744843823587374,1.159861020820482,1.3542223484115326,1.1159441825415612,-1.2562437128946522,-0.7996356996591512,-0.5750099293839225,0.42598011628517224,1.012498551532298,-1.2598546464858784,-1.0127609008721332,0.6951340103872398,0.02443141495952489,-1.1568400722614514,-0.7144055151890019,-1.4752745027706622,1.2898071679263488,-1.1314776400948172,-0.5202029361000079,-0.06187129453830924,0.028424707994825618,0.9416975571941048,0.6041715899391787,1.7086590048866481,0.8376908193985613,1.5372562710405175,-0.4416137553866222,0.2161447840312724,-1.6682907043139517,0.01785870834154987,0.1838481064555001,-0.6716026221612241,-0.42248959038800327,-1.0409426644788407
3181,1.0283540633106834,1.1132038749129758,1.0686322326414595,1.2588568963893427,-0.9490291524819194,-1.1394593358318257,-0.9811861620745256,-0.9975197889921261,0.3411761542838476,1.817564789162885,1.202368455375017,1.7978318647610219,1.5612115720137392,1.9034938059847197,-0.1439048115369281,-0.21765369942954946,1.4495849691937484,-0.2290581290805441,1.5666074910192327,-0.143904811536927,0.25674136826747723,-0.5227741652628145,1.5865405321177812,-0.18162300064331263,1.6528240344453478,0.2567413682674782,-0.9325667105781643,-0.23730670577468896,-1.071436251619451,0.9525848354230904,0.15094781066900012,0.12371931447514138,0.24219741436629405,0.38188105334146566,0.8078458613788627,1.3235104060672334,1.2816653828818183,1.382147272193103,1.4400394473784786,1.4831981272750088,0.9763472605965705,0.893373447374449,0.9979726756598626,0.7833334589605025,0.5717665320042747,0.4240795272637879,0.2650725359409469,0.12405146414119658,0.2448914141351772,0.046187389637312094,0.35033225592283157,0.6845698521760039,0.8621959859967862,1.6079755342143098,0.5932906569507348,0.37408135678099874,0.8479360473227182,0.3621605490393444,0.8100413479799748,2.5034698664529533,0.7733907215833888,-0.35360713139431166,1.0729288586308214,1.3647108227205862,1.2081025433758816,-1.4030115530670717,-0.7269055345482044,-0.46108530288656274,0.30732183232198845,0.9945402657826522,-1.2456541456927832,-0.8618632667146868,0.5992628383625129,-0.038234410144301324,-0.8818884172271773,-0.8218853230331388,-1.363830334446507,1.1376941974594768,-1.6141451898238306,-1.445269917109514,-0.4692998747741789,-0.36523457929661185,1.1022590826289134,0.3499381072613205,1.627360201226054,0.8395363012087298,1.2808885158437038,-0.3508824381619194,0.38077723638687866,-1.7416994604846623,0.09742984188282873,0.21979953536395605,-0.6631177230551444,-0.45110463364258313,-1.091350862674835
3182,1.304352750367437,1.1695748937424044,1.1822766209201891,1.2905059871930014,-0.944887552573186,-0.9433839405880605,-0.9634681768578554,-0.8982127050942644,-0.0710333296127298,1.9132367948624671,1.2379126432698069,1.8325494906274244,1.6123975721131512,1.931991433738731,-0.1932044761227097,-0.1189889148234656,1.413285075470631,-0.20563021465470135,1.5380422472149688,-0.1932044761227086,0.1436910792678999,-0.44622796081476285,1.5559529028667547,-0.2053404421899747,1.6603459403071543,0.14369107926789998,0.42083251821019996,0.20068052648391885,0.9023110339447459,-0.034707726339902545,-0.20095809599089665,0.08277629205115887,0.28290646017132265,0.3349298061853495,0.7383431425701046,1.2622947539867317,1.297751071386789,1.3939253950363648,1.4490420076828712,1.5150692663756622,0.5992116265311639,0.7494338839997262,0.7527715159783124,0.6282977378890621,0.49263263036012434,0.3334276877686018,0.1799097027649543,0.05954381781200106,0.17539825387709213,0.11238081667343784,0.32822017236693185,0.11154678770326348,0.7800725718545599,1.3537499359859566,0.5538597436786363,0.32052658764331055,-0.37246826259922144,0.533108819173417,0.8372441421801851,2.4001565000950076,0.7824176424210857,-0.3497668554366971,1.1187809189990419,1.3922389386866296,1.2127937302276095,-1.544200057899049,-0.8117027642254486,-0.4582647717487146,-0.16993756575618793,1.215604302242117,-1.257598748699198,-1.01264423044726,0.6712463263525721,-0.09632983292442221,-0.26201404575801146,-1.6089444332353458,-1.5820114110321897,1.350300953588255,-1.1703085803059663,0.22001765354167127,-0.062102468563551665,0.05169275527038849,1.2256428396913464,0.15874072698427474,1.5514264143471188,0.8373408417069508,0.8611942566355418,-0.25351049171792767,0.5406191128441127,-1.796945962384424,0.18599524362649691,0.2649775703334621,-0.6491765384087966,-0.4483443802790179,-1.1132051567059638
3183,1.221783238480587,1.0849061446032922,0.6854104100515209,0.5279477236377784,-0.002885550441955978,-0.9165700571651615,-0.0845640645904317,-0.7733384326286329,1.0772971114586771,1.6710555953938522,1.0229483205533776,-0.054022701013834634,-0.6255055337231735,0.44827862437417526,-1.2151847557024176,-2.4771157196880096,1.014418044553973,-2.286890241225444,1.379536249116892,-1.2151847557024167,-0.4578527473593608,-2.342485661251739,1.3048859236200236,-1.8824224946388894,1.6110230367268603,-0.4578527473593625,-1.8191012057536442,-0.29811580598594317,-0.26455907376663806,-2.7538998087000555,2.3418264932154984,-1.7432104861439628,-1.0320824708795984,-0.9701343888682586,-0.35601418037741983,0.2864882592414977,0.5948199911872292,0.6397639498092252,0.7637706846558984,0.6829583441717517,0.7513408299884142,1.2178023353298373,1.1059136918346355,1.0733613943034996,0.9781731768517468,0.7452735002495905,0.5534101249897764,0.4194340313563964,0.5712328328307876,-2.587198413623116,-1.1203162149250299,-0.7246074081794337,-0.03400014729384561,0.6613235908302333,0.2478097321499679,-0.008153809697075846,-1.7240400454285196,0.769524770738678,0.7470225415379833,1.9896905821215347,0.7408554534418481,-0.34592742726950265,-0.1053005702597006,0.674339579390679,1.1584401058567286,-1.672038200970818,-0.8323659206152454,-1.029670009290071,-0.31924549075816666,0.8093863092444421,-1.248703143484048,-1.1001815091551415,0.6762271899772079,0.5565185111137074,-0.6711350305421978,-1.2959681358554087,-1.6094258429672408,1.2971640799076969,-2.4267419175171283,-2.3767241670926484,-1.2274733272458873,-1.0900370434800442,1.5553647808706998,0.10461083179366243,1.3069513840068736,0.9441005847171411,-0.022521575268277118,-0.20557082681272007,0.5987482395929321,-1.7295502980832402,0.18987677074236564,0.2769934778564032,-0.6462444949950604,-0.4483849366330074,-1.1556898698792117
3184,0.7788416313369645,0.6793119308288161,0.47532185938514765,0.3561877907828615,0.6894836953209935,0.42329527064058864,0.5310891011200002,0.39645773940187284,1.9819679997898416,1.473751721978354,1.365546040243963,-0.3465958437305118,-0.8996223820581674,0.1752405967181399,-1.7496856528556477,-1.3193512565122212,0.6655618943805889,-1.9854294661110985,1.1524991204366266,-1.7496856528556488,-0.9568692039013305,-1.9358897022065609,1.047083267531945,-1.9306593033572328,1.5153464267564665,-0.9568692039013286,-0.7940755089852357,-1.4391162881155113,-1.4391550284639303,-1.7101380366253014,1.1917810550283858,-1.7503660795313387,-1.2545432116149988,-1.1526753888416263,-0.6232993435647655,0.028751643213688297,0.4341866063759943,0.4676460782565696,0.6033037313138577,0.4984402719308481,-0.5395436782645576,-0.04851343696114442,-0.03356043138908373,0.05003946273134308,0.0577824173422255,-0.13514613748736792,-0.24203990358096328,-0.3115025076923942,-0.22534636321638807,-0.6111420630002985,-1.2305094639785636,-0.5819591020471442,-0.2311395426186811,0.3886573030557242,0.13125721493383893,-0.07509119714852798,0.29502839863153424,0.9241384981803671,0.6817011820681602,1.6548681388573632,0.7247678429781023,-0.34208866320757103,-0.3744866072822916,0.5110841037132892,1.1341414523224054,-0.06970859125853049,0.4222029842702843,-0.1503483816913413,-1.0909222102816816,-0.3603886809759531,-1.0055505383607357,-1.1753424004820496,-0.45492118040793617,0.4930722965499287,1.2501371690939407,-0.7824384332921797,0.24615687856424456,0.9844399654027336,-0.659482936644248,-1.167228012896047,-1.9991280838065097,-1.990494976171912,0.22811607939999384,0.039366760409394345,0.9097827609077993,1.107170249024813,1.1335952757198917,-0.16713338515753098,0.644220714293627,-1.4493578067416548,0.2982530195520938,0.2818135741510737,-0.6428606732217053,-0.4382467944805821,-1.1921248032853429
3185,0.2869627171659581,0.2642359642429828,0.1848354649566918,0.315673259575884,0.7527270051919077,0.7477824746659234,0.8458927457681391,0.8717404279624977,1.5800915437488148,1.4306430806283508,1.4398156385345369,-0.41198274125488443,-0.9571096932898976,0.11177555950733735,-1.8328342769950607,-0.23192496925957798,0.4144984046682822,-1.4220764580191287,0.9138139233219964,-1.8328342769950603,-1.2774987650107998,-1.2567611738870166,0.8223543871233154,-1.6771898312337123,1.3902237361029857,-1.2774987650107985,-1.1069696165198928,-1.4983603922460862,-1.6283059202789614,0.11542361707047892,0.46593378250811684,-1.3226560542131676,-1.220934836461047,-1.093150304948946,-0.7026123224105992,-0.07688976512740105,0.3915946419456642,0.4237917633656494,0.5570756072927886,0.45745052020108723,0.732932113832432,1.2350065070948133,1.3247657903305325,1.2991438042520191,1.2562188361087978,0.9793121362621064,0.7965915787485714,0.6439461193303636,0.8187988792478317,-0.1510074363473461,-1.322895292083222,-0.6156112638572345,-0.22964365866318545,0.27732356710926415,0.20388414510231795,-0.1422251940549132,0.05030753145354705,1.0690495019369977,0.6135642167367777,1.4705651670522568,0.632283910569144,-0.33825037892531223,-0.3201792215414589,0.4709593975342306,1.0210528862695611,-0.1909966346417474,0.7278561878659939,-0.3522661564933742,-0.9305728254358419,-0.9530985742196316,-0.8332482115766245,-1.1125235171177352,-0.7925600155427469,0.9563475527653097,0.8324225184990461,0.08462591055314539,0.6867212732446092,0.7329458907426062,0.06721569099675531,1.1617419969022036,-1.603246790675408,-1.5825820676379223,0.35732293942783283,0.03337552966033024,0.6373332359626336,1.1193802810404074,1.4963941867692616,-0.1400384473246097,0.6810899512182412,-1.2789903646161063,0.38212260465473097,0.2896118213612046,-0.6355668563280079,-0.42355180345988364,-1.2223788217663691
3186,0.4670900417610892,0.3549532200845009,0.4632359124960386,0.5019655711836594,0.8407638478094709,0.8302950499350026,0.7610653202314894,0.8844511139235588,1.4835510613966127,1.3324357410641101,1.228361962444386,-0.04391518010890314,-0.4471443554217562,0.39106389077500164,-1.431735035468198,0.9742512267742858,0.3347446361425246,-0.4526504894709263,0.7268104028485012,-1.4317350354681977,-1.323948456595762,-0.19892217578335847,0.688438429755595,-0.9990862318107732,1.2614296550936908,-1.3239484565957607,1.062914921674158,0.32619636860063345,0.6012245885662266,0.1413523176075689,-0.7133764140333994,-0.2986719547518231,-0.7739189008797399,-0.7141957675705208,-0.4674665285245547,0.08462635905002908,0.5516397096074572,0.5923458185340061,0.7105247968883283,0.6649819764454518,-0.3700014575071777,0.024377335856571515,0.18594373448248588,0.2726024477742744,0.3326455316446705,0.13659883579952883,0.036615932292316807,-0.059041257222280555,0.0471322730248422,0.6556175185836547,-1.0800378496669765,-0.5254615584345091,-0.0868225716611586,0.1815774869027004,0.4198871135606449,-0.14207146257564723,1.2389470078736922,1.2068896460740006,0.5535488655674495,1.2507056880448897,0.6593539836847973,-0.33441238940732926,-0.04150083531466041,0.6437707882707043,1.0482744873128405,-0.40043129913617576,0.932212794135377,-0.3092385492803795,-0.9282754460229156,-1.1751731056340746,-0.8822927968159466,-1.0138236283193862,-1.031969280828198,1.059975266747889,0.8762853943406465,0.3468267149498177,0.9448741230789348,0.5689933754133382,-0.31121862935445904,0.7325178210810492,-1.5214950540373133,-1.4830548949541755,0.5723469718660293,-0.1060547703656599,0.47565089928069726,1.1176022732463422,1.635382828750263,-0.13345596781073307,0.7235820740714092,-1.1110654877309774,0.443586449911183,0.30941419616160204,-0.6223047189191815,-0.4124804616969866,-1.2677108888793331
3187,0.5855198579905544,0.5790488628787476,0.6714596751920089,0.6807541736202084,0.9534818613100682,0.8970630057104876,0.8302927446066112,0.9392756871104212,1.3788317982066896,1.2889193767070102,1.387752979506979,0.2790529472316492,-0.020450291922297824,0.6451875138336733,-0.8851538593302032,1.346389059371868,0.36128590249900666,0.14988011168453827,0.6112202102145267,-0.8851538593302037,-1.2004536066436868,0.4728844368050978,0.6251371468027508,-0.4729867420374998,1.144915234790524,-1.2004536066436842,0.7828805902959618,0.8141279295177717,0.3901142743996702,0.389126240664396,-0.6294884023601919,0.6315148143505964,-0.3640760130293804,-0.3742729184858466,-0.2464061984389999,0.2299331400202654,0.7010925579586025,0.7522314522484328,0.8498061000574889,0.8640861029193156,-0.4700564545994194,-0.15256546340045482,-0.025464102365996354,0.142246600601072,0.1841097626600346,0.017598390168089662,-0.06359758283241113,-0.09525042164244421,-0.0629622075628809,0.6247045982083558,-0.8753459055790446,-0.39653293789136135,-0.42444505769194235,0.22545215747335695,0.5577068432717261,-0.1713985501235691,0.9297652470275256,1.3504373013079305,0.49525715184994323,0.9324113138332305,0.6579636744143421,-0.3305745088983867,0.2636627999449584,0.809106179475845,1.0430290872607666,-0.5185031575891166,0.5712628240450542,-0.4503020359172643,-1.079920673436937,-1.2783268321362862,-1.0807348976056694,-0.9959066148837982,-0.6634594436808668,0.9483909904689108,0.9303788301263022,0.3002395307534978,0.9436847087162208,0.5200884515341927,-0.4152329164304957,0.824458373537724,-1.424250350119877,-1.374747830418953,0.7080995210527405,-0.17209128065910273,0.3841837306777807,1.1028475270877693,1.6968672555476811,-0.13544744832127092,0.7687734908260486,-0.9394632549521487,0.49592188521771374,0.34333544499327606,-0.5995625580736098,-0.3988639318434597,-1.3126269275186622
3188,0.7039985499360184,0.6100813659346496,0.7667464583950072,0.6638881783470217,0.9731945826414603,0.958064515861574,0.9007617884249188,1.0654806699027959,1.7006409149434591,1.1486945635372503,1.2903648810492203,0.24879834685697272,-0.05297109982497634,0.6168773756136623,-0.5844556512389528,0.7397425333984781,0.3637401957873243,0.013645293718452196,0.5349098713112982,-0.5844556512389524,-1.097561994940616,0.39711282819062993,0.5638463555972254,-0.4575148639916581,1.0385373836689262,-1.0975619949406137,0.35311881141176793,0.10682808568221687,0.3889086148374712,-0.1633750996131736,-1.0223398505033146,0.49498806296267905,-0.2734187748797723,-0.35541363433416784,-0.2772251630562609,0.16134215775336813,0.6669732874548645,0.7178199633659247,0.8163880825619003,0.8476052934992381,-1.1516520298491368,-0.953460823653439,-0.8312033450016383,-0.6000057239306593,-0.484004573893045,-0.6117730105181054,-0.6593213010874074,-0.6577413773153407,-0.6542283384690705,-0.06441691030258416,0.18344838380314984,-0.6687755404376062,-0.4976037173135168,0.07216730106837753,0.7509282070760055,-0.11421775176626729,0.6541219895324906,1.422119747545141,0.4683707397205505,0.6212146804004248,0.7058206678066672,-0.32673655085273484,0.17002615160097856,0.7908124542393382,1.0951399790714973,-0.6374273177824692,0.21631688027081267,-0.6456834344219367,-0.6463566183032183,-1.2654263048622219,-1.1797145713829285,-0.952863768781796,-0.30152294232941507,0.9036661453369887,0.15790741919673032,0.7637158472467953,0.7810857534114465,0.4855133799373063,-0.8147294713906496,0.0855401002958398,-1.7546115719695952,-1.699960718034269,0.8207150145048201,-0.14358684893989831,0.2337159452105727,1.1137940297437725,1.705422721047033,-0.1778765192664521,0.7968666318128795,-0.7908826216421765,0.5391885983014817,0.36794088777394524,-0.5817836591896064,-0.38202845662114626,-1.3639052033778538
3189,0.5979861771029479,0.6022067211611457,0.4449360107352335,0.6261743235678185,0.7086945081211062,0.8757067331030606,1.0236777788163423,0.8086740338738436,0.8717054102242842,1.2686292976858295,1.3032284393303533,0.1716288020712002,-0.14206685550289383,0.5504983827462828,-0.4499328234196469,0.33056806203080447,0.34128430465827375,-0.1276102106000224,0.47613779453611166,-0.44993282341964663,-1.023280919241935,0.2867117814566941,0.4990686353271925,-0.4832769160218158,0.9394510194547273,-1.023280919241935,-1.2049032777296043,-0.034340653965185895,-0.35793938296925676,0.1148459867200986,0.9087979753011992,0.2108973702682932,-0.23349100255571134,-0.36000922834210414,-0.330042328034772,0.06780609699322357,0.6165758018852796,0.6639136315734114,0.7617769396916162,0.8071046923053283,-0.9020171784115966,-0.7879884304389764,-0.6885385042733216,-0.46594238839816154,-0.374003582489331,-0.5104611714195215,-0.5651364034621185,-0.5592653660984446,-0.5604223783505734,-0.13798798135152074,0.38400754960757433,-0.6131340546502919,-0.26316534483734133,-0.0028747381874956617,0.6373377040616255,-0.08874538381166258,-0.7611615971017767,1.4660177513539658,0.44990383032766157,0.47501636554431564,0.7173551141481171,-0.32289832788270656,0.09036160070463681,0.7531168868478739,1.104744514798747,-0.8269185714315836,-0.7529395824306596,-0.237071152682642,-0.5169038658388719,-1.308944406483861,-1.1084576749236388,-1.0154000046620828,0.7017446231992422,-0.29645242975002345,0.4232683387319682,0.959452177930453,1.1444132153231208,0.5312221349507148,-0.2331700081693758,1.8793167286592014,-0.9374996913974879,-0.8669158760450083,0.9267372827222793,0.03743980447162613,0.038453452907370705,1.0796244904325274,1.7021840966288906,-0.20022267415905082,0.8245009951253571,-0.7099050691473983,0.5357571973635397,0.38863381730091373,-0.5672341965837917,-0.38561059200489195,-1.4164276943738863
3190,0.6921475444875885,0.7297003584450085,0.6617185663932657,0.5060463643282421,0.8653702818919801,0.9150377140511192,0.7569480954598802,0.8981047187424868,0.28784265054155017,1.4363619230680091,1.225825671555984,-0.08594865686984983,-0.44236432850336616,0.33477149536890277,-0.5032871411466224,-0.13155038694622645,0.2651458103346525,-0.43214491772195524,0.4103160799742032,-0.5032871411466229,-1.0198144428282148,0.006852856554584022,0.40933391981473327,-0.6688021137839986,0.8407513283021014,-1.0198144428282148,0.8150338317729504,0.45714280893916437,0.30825213975573346,-0.7606769407563747,0.34038604896311475,-0.27805108966317793,-0.3252976065802663,-0.45405576462832786,-0.4896096867199794,-0.11600694019063791,0.4935641789843408,0.5275142303651713,0.6348863881950995,0.6776259419890519,0.002489458476133365,-0.4273198982802433,-0.366008238337918,-0.1348536640010176,-0.07351476452773623,-0.2224592220623991,-0.29000794627198456,-0.2957866724087723,-0.29461029384412774,-0.42916865583921393,0.26664198738942396,-0.7595236410066806,-0.35850431403466065,-0.06405213976422829,0.5202039552156396,-0.07006313435863709,-1.3278302999077198,1.4618403336651358,0.4455598646808559,0.2693151983243144,0.7660536824800445,-0.3190596517065721,-0.17974519013069112,0.6382562346850782,1.157079838301092,-0.9961162950108556,-0.812129669127341,-0.3011712792992223,-0.8705277666665747,-1.2894101879290838,-1.1555675671202734,-1.0562296168781213,0.7459946868004615,-0.26770279317818957,0.8175955728653119,0.5501014950882157,1.0754081630020766,0.5778729873021538,-0.5124175329853301,1.6664090577760706,-0.36554697401570874,-0.27295231171749246,1.1164485944814144,0.22741327563781844,-0.14882527191260841,0.9648090373462389,1.6275585931937417,-0.20714448710913363,0.8440294611831077,-0.6262170246753344,0.5308755827629507,0.39966821839427724,-0.5589588355563999,-0.3929101556054933,-1.46216440729295
3191,0.5275661333196103,0.3477768226581899,0.4482815370448581,0.37799165726572853,0.9094316967846956,0.9006666935943771,0.8735389085367447,0.960995557921114,0.42146707812337475,1.4279300819904144,1.3655444594686865,-0.3484300842918117,-0.7356678296211862,0.10938024094842991,-0.6350183305598105,-0.3249433745133511,0.15276129304098246,-0.6366815582816915,0.3271180393071413,-0.6350183305598105,-1.0632362859771727,-0.17985983368632472,0.29873474029132335,-0.8225237943546843,0.7378027647543833,-1.0632362859771725,-0.804312170787153,-1.3782005064201734,-0.5536414623654788,-0.6179886984385585,-0.6654099474212047,-0.5982322874671884,-0.4057117630641223,-0.5579402182137438,-0.6498580866419363,-0.3079940378472864,0.36632228704342784,0.3937615116427073,0.5037702525464244,0.5407710183199018,-0.9956263094389506,-1.1580599382689711,-1.110888828890229,-0.9014144100962934,-0.7806056492304029,-0.8626302513074124,-0.8888206335792702,-0.8600027854918131,-0.887359496271395,-0.46006786221009766,-0.19798321668756577,-0.9020574101708284,-0.5496778212774234,-0.18169780260876248,0.3839381914608276,-0.13934796879910638,-0.4667192143786749,1.4273330057521196,0.45069751085646126,0.16558336404204585,0.7985334916505382,-0.31522033309563996,-0.4408573234098006,0.5158779290072852,1.1903214972562406,-1.0994983853742384,-0.892421776703264,-0.052397994168653636,-0.7444835364587431,-1.2445951224935985,-1.1748055516991849,-1.0832751523815265,0.8200698392910303,-0.6133616990641377,0.9172284684733314,0.6378827062944312,1.222917514918561,0.6201009085807329,-1.1332859392246506,0.3475584910139377,-0.5071841537064651,-0.40719225049870833,1.2182525776256248,0.39377147996249057,-0.4104618282299838,0.8674663549401963,1.522052232057427,-0.207542272345495,0.8570556482711141,-0.5463448706715291,0.5296300568090905,0.40781678573974256,-0.5513322583489364,-0.39889273196715713,-1.5032085159354736
3192,-0.046378825420613314,0.20724162874761584,0.04636280739758627,0.34735092448925775,0.8959763876063559,0.8417570731273423,1.0918591635772021,1.014816149789909,0.14668134005314498,1.348599784365125,1.5068927573404098,-0.40663680804069874,-0.7985960606841273,0.05777805742433156,-0.6574659057483152,-0.05630690109563799,0.0648085542003933,-0.49892287419408965,0.24089856372546717,-0.6574659057483156,-1.0701602936257024,-0.03716789597653998,0.20009863923679502,-0.7333410993088745,0.6340711541380912,-1.0701602936257022,-1.5259708208331557,-0.5235898208686695,-1.9166557717732877,1.6561797168043413,0.9874613231441184,-0.4912108252297882,-0.28484965064085266,-0.48453312097065904,-0.6388529596926711,-0.3726656555534064,0.3311133803178109,0.34669306958431645,0.46002200980070346,0.5122882058426567,0.7612139719799227,-0.11596716527558723,-0.18825089663239128,-0.010219614109846146,0.017151777506283127,-0.1352085770975003,-0.1806516812049919,-0.19398928218518197,-0.21126174684312776,-0.11788671488665514,-0.5034589314216311,-0.9645077643517138,-0.6210410048122957,-0.6494682640034001,0.27795004983601396,-0.0018375935439888158,0.2847915279845488,1.3946319756414831,0.4558030751593107,0.20822398200043968,0.6536610250548854,-0.3113801818205171,-0.3000070234186845,0.4854313455476262,1.0175674078049128,-1.1837761117779813,-0.8188770962984427,0.2117511258860197,-0.4333483634645935,-1.1182584952483252,-1.1098683094556776,-1.002853434189043,0.732998362949695,-0.8593255799695882,0.7934075543337158,0.8376417964867781,1.2958318726246199,0.5873696690251238,-0.8992159813435759,1.1394224544781608,-0.23924210237201743,-0.12949542615324763,1.287311186869204,0.5692755961586391,-0.6858230294404718,0.7257687437311774,1.3822252511453517,-0.20180562927033877,0.8691298961193427,-0.4543918569025114,0.5299954734954946,0.39786952252734875,-0.5566596536856615,-0.4509470520466427,-1.5552059528713698
3193,0.282962740322117,0.2535276488408591,0.38031224732507046,0.30777239955017077,0.7172867499432244,0.8422269019546129,0.7619263809443592,0.792969076625036,-0.006967837869354471,1.4918208740676253,1.3967293988987184,-0.486283559251991,-0.8872229153482698,-0.010934897253768828,-0.6389363140148608,0.046795987376071296,-0.010494576094513706,-0.42743907812562665,0.1571037078629922,-0.6389363140148612,-1.0574454563225784,0.04166753525721738,0.10934505507919802,-0.6747238414304136,0.53142832753212,-1.0574454563225781,1.2793392014641736,0.16300337717914087,1.1229710219099969,0.09764221718613346,-0.8194400199710169,-0.39727910010215023,-0.32164424285767096,-0.41921481927373855,-0.6333593246741162,-0.44409842167313746,0.2889527994381028,0.29706695694063356,0.41084452872434224,0.47248018933594366,-0.2240173816737942,-0.5486362425021554,-0.6402632683774361,-0.48460968856110387,-0.42754857202325713,-0.5426161480046141,-0.5512908519881413,-0.5582311381835793,-0.5876022867749511,-0.15112585796108263,-0.5402811052571106,-0.25274939568430727,-0.8652993928446051,-0.7342718895427315,0.22445533336993778,0.07138731661172285,-0.8740816422851517,1.352584942724542,0.4639907195630071,0.2192661274922053,0.6499657301482236,-0.3075390065965389,-0.3649446726001589,0.44677573084099514,1.0096153621418855,-1.323687910273191,-0.4809469323618498,0.3376084805664854,-0.30783407293860654,-0.36599675793454434,-1.0028267844638894,-1.129685840389288,0.3585947214364766,-0.7508884947235189,0.7722702958193324,0.09210859301212154,0.6307440296482603,0.9571231302217127,-1.1208715112328758,0.7938378188535993,-0.09717850761488114,0.02214831496876258,1.3666152020781266,0.6550250048167447,-0.9622277973470796,0.5689938186309025,1.2046742304549642,-0.18496966805459775,0.8804860154527718,-0.3868483577949031,0.532152653401395,0.37637573919534,-0.5693077524229334,-0.5057319433773778,-1.61296686601025
3194,0.41058192122301307,0.5691324684453796,0.5809971498215697,0.6725887370626611,0.9381151235041428,0.6416241778433799,0.8059643511790332,0.8110906146611874,-0.17411883129229375,1.5275988649440813,1.2355945073412342,0.35158095437677056,0.2807600494184122,0.6037565753204033,-0.10108393477930938,1.3273403467419136,0.11213371979653208,0.6943124124351556,0.1440554948025342,-0.10108393477930919,-0.7807863282731815,1.1040260593890934,0.13850837222791626,0.21477978754442914,0.4557075534921286,-0.7807863282731811,0.749501144662595,1.1537931870066176,0.4201802910191809,1.0706150974385884,-0.13601811676487452,0.7147580161243793,0.33103946704051107,0.31437629259894195,-0.12348652360515444,-0.04929952943747937,0.6172425735596299,0.6180996446308684,0.7185682795561871,0.8728553361184694,-0.75879029161195,-0.9046970445732126,-0.9384950415112122,-0.8030783587809417,-0.7042886786226312,-0.8178405723929576,-0.7593742464764939,-0.8066245007404015,-0.8420759454423699,1.2947868287281077,0.04758583643152734,0.30647459587065823,-0.4832416504516057,-0.21267088054906672,0.30493224948313646,0.253445198892599,1.2720181306595781,1.335232781715103,0.43035019106521066,0.06123205705790305,0.6459389481612885,-0.3037226741478299,0.2612406102860125,0.7893296015265266,1.0016583602868967,-1.4471545362122498,-0.39935159044408836,-0.7505541636266232,0.1299627667656714,-0.1477954066990781,-0.92821612062502,-1.196490255051933,0.2573694450709627,0.5608738620823419,-0.9833895096571984,0.32060701585425655,-0.4303226532144095,1.0932003756366537,-1.2302172063712822,0.9749041514082144,0.059749848328452274,0.19578510189336726,1.5266040351640973,0.6248196139807782,-0.9402522999671684,0.32009798668573025,0.9400686294054866,-0.15109754608367598,0.920371491567093,-0.3406793861731577,0.5318308755682747,0.36842795287048197,-0.5769182040918106,-0.5354503204531086,-1.661156696030867
3195,0.5241271893291404,0.3607151975998402,0.32276624177959456,0.2045451364858594,1.0402271528417648,0.9039518566590651,1.4425901453878884,0.8041008947778449,0.2932921683292111,1.2764169457423709,1.4289758242167396,-0.5695397749752931,-0.7666790178693289,-0.19795060447072774,-0.4481658886051417,-0.8549406129452645,-0.03124303156858566,-0.8102337823873431,0.08530961736640394,-0.4481658886051418,-0.8673085327056039,-0.3504194323125065,0.029098844073207966,-0.8104832728448572,0.37137077636244814,-0.8673085327056037,-0.9764096555500794,-0.7648606208277474,0.3688447167460703,-1.303312944151944,0.19109857394364504,-0.5627826983696158,-0.5672520590156946,-0.46751954573635207,-0.7151787060246204,-0.6093328195398198,0.18516579205302716,0.1262157043687725,0.2847905817294569,0.3672665985773569,-0.2638349458734547,-0.5166430493194611,-0.658436850218405,-0.6543622776933357,-0.5710011817801066,-0.7026290773927415,-0.6164330704997099,-0.6951982178394954,-0.7336238082157093,-1.644613322220871,-0.4672536544819956,-0.14172183756067816,-0.8950740317381324,-0.5714306526758317,0.008213266227143062,-0.027732227088074466,-0.5821645163679141,1.26236634324995,0.3960355072104743,0.006185068331276362,0.6419263894234292,-0.2999050698665015,-0.5346219248993969,0.34638525281939314,0.9937648694848829,-1.1391485650694166,-0.8571170053677395,-0.9541987406696062,-0.519428005038788,-0.8930950302988236,-0.9876128094519465,-1.109556211466876,0.7777019798482877,0.45177633959762636,-0.3462898606820706,0.4879170047133938,0.1655638243485223,0.7673926377462857,-1.453417104653759,-0.3017552411137603,-0.3831084482811607,-0.2747269782788551,1.2706663542308,0.5998541881276915,-0.9343639694647425,0.09957173949818039,0.9960151215783825,-0.12217983600405603,0.9329415336342367,-0.24674385503130675,0.5535008973948342,0.3531308605253924,-0.5873017971966163,-0.5296367535096993,-1.6906527253150887
3196,0.09037204245252782,0.011296020289723584,0.011457588658470363,0.011838967127997323,1.2021214162940848,1.0732598384055714,1.1737725290796421,0.8897389294544027,0.17072685086259717,1.21514391869687,1.1657168969696032,-0.8676462480321403,-1.0649139955769191,-0.48680735271351705,-0.7747276374268789,-0.8087398412320078,-0.21149044927206287,-1.0138822655474768,-0.016859056324977494,-0.7747276374268797,-1.0027625360422017,-0.5509578216391684,-0.11113103224411909,-1.033160426828272,0.2733924685187927,-1.0027625360422014,-1.1900154901830196,-1.2848150939455594,-1.4476518646415355,-0.3320477597775725,-0.01150868768400904,-0.939041454135306,-0.8501825411241859,-0.7582940863445644,-0.9114513451695587,-0.8259820879301842,0.011830645824340178,-0.09413935020080577,0.09933722412909478,0.1654077318791861,2.6836133224532315,2.4452235894123975,1.9041251861505568,1.5047277936729702,1.4764360166772221,1.14447479201973,1.3769906880043938,1.0857125784615953,1.0131898872227405,-0.6969707631515836,-0.5656846791727973,-0.5348861272936979,-1.0655089844727208,-0.7964295973323041,-0.22247144048217724,-0.16784049106838264,-0.4612498944139644,1.1482111275152793,0.4116155775921202,0.051869214679046136,0.6271386706810675,-0.2960860038653012,-0.8436927353468732,0.16258514649470807,0.9735490941105222,-0.5419922689892297,-0.5347733157729258,-0.9509318577115317,0.18820286494047156,-0.4884059610536593,-0.6769174455369146,-1.1261568779166862,0.5047235665937649,0.6931906173937887,-1.2808849952467665,0.7992916313032147,-0.24336656458098815,0.9175762754914261,-0.4118935118355825,1.0482621908105156,-0.21339785853572482,-0.1473702738664896,0.7707476816594252,0.6714286287120034,-0.9123304679894122,-0.1645412656401831,1.1078839426606935,-0.08461331849969532,0.9576077657153133,-0.17587333870694183,0.6550889265547473,0.3378698503158673,-0.5936906662645509,-0.536489929219013,-1.7070898765905251
3197,0.07216252031906312,0.3549657815456593,0.10249269799510802,0.4210050334007433,1.1803897155284235,1.0093468870605604,1.0993695564763077,1.1852257330041651,-0.1625719807352499,1.3422868848571967,1.0924830699911128,-0.07933182871525107,-0.11945111853372714,0.15290591104074722,-0.3001614513460115,1.1722398999173274,-0.12980578023663158,0.4608870816548133,-0.05660079325430042,-0.3001614513460118,-0.7885999075614568,0.8564062663305116,-0.10556625693410181,0.042076216634613035,0.19611162517909603,-0.7885999075614565,0.3445949496492017,1.267516467268765,-0.06972800652216696,1.4421500189785579,1.5394524521726163,0.3018848319365843,0.005087244805236538,-0.04917619643121063,-0.31141609736501524,-0.3492629547045362,0.3882490721771918,0.26812772032491133,0.4460935849687945,0.6210343644497253,1.3851239617483462,1.5836334798798306,1.3765685173119515,0.9447520195739832,0.9979938394784217,0.7260587794967622,0.9235723795668282,0.7318237463975955,0.6428205229026898,1.4644417075931115,0.08954127030912244,-0.2946667362815243,-0.752395426202904,-0.5203365347963123,0.037752898512992523,-0.053213734303840805,1.0187156054524615,1.1158313718019186,0.39387917388532734,-0.0704892078899703,0.6228907797278199,-0.2922652850535522,-0.1398244496974025,0.5473502465071698,0.9658468455597716,-0.595486521146813,-0.3750993504866195,-0.441901950044347,0.5291288610324502,-0.06039638561080814,-0.346267983804395,-0.9652012637148222,0.32937205350148413,0.22629066124822975,-1.1771848469730102,0.672244085895752,-0.28285437453699724,0.9048831409842412,-0.2973548727933849,1.4598875437650318,0.11516937149663593,0.18922090144958004,0.8122975223614719,0.6922975477445997,-0.9236472822776961,-0.4791032848985765,1.2646404488178886,-0.049133267937953334,1.0048582588936161,-0.11686159015367248,0.7518836691913633,0.33874705941152133,-0.5956324823611351,-0.5830513584193724,-1.7254704560221699
3198,0.6068023795374455,0.496059490538052,0.544879179935589,0.6596076837150223,1.0354508894193482,1.1446131293438286,1.0024416903131366,1.187046160493309,-0.7257409253413271,1.521268618582336,0.8863479717352144,0.30270895513541474,0.30385076900856545,0.48613071849625095,0.23782887362557922,1.3240309852923042,0.03608754373100583,0.9314303543527348,-0.025180393222720508,0.23782887362557936,-0.47070489415711636,1.2741397792076836,-0.03308716447017873,0.5335438526518929,0.14994240729433883,-0.47070489415711614,1.6926629331024596,0.5072714182720066,1.7972056292796303,0.2126960114572827,-0.3535239735376881,0.8278890945497388,0.47577499661797557,0.3499346516919446,0.058870512677580485,-0.0746945565858851,0.6017046898472999,0.45761438233043944,0.6398660748955122,0.8895572825435426,-0.5451679240280787,-0.11908078120373472,-0.09568374897298706,-0.2970329702085588,-0.16123531399937752,-0.32001836308421927,-0.17077565724081226,-0.26538467646266,-0.3408283811113707,0.8320798861680512,0.5064974010942818,-0.03212668278814149,0.08287219927736439,-0.5318744126059692,0.2747929382165214,0.05880346918322026,0.0484050876390216,1.1057341382764676,0.3694352014202044,-0.2467122031067681,0.6186569736941233,-0.28844272108055036,0.2733263504192396,0.7712458958103158,0.9582015739632508,-0.2825394684273459,-0.8540113257207685,-0.7591387981273175,-0.03333462930251653,-0.4675530383791767,-0.5836266157640513,-1.069559383135349,0.8733503571523642,0.2309588202562859,-0.7827897740928051,0.5352792054963662,-0.11798023027023798,0.8733626835264218,0.1960790528721118,1.8652032191885737,0.7023285410752321,0.755408206902951,0.49614312271413363,0.6848350834575587,-0.9107413180235369,-0.9185584203769617,1.3824505810530117,0.022225910097830176,1.06120847239269,-0.16737379552759096,0.8893867787995235,0.3462667464613232,-0.5996877097139869,-0.666373049712293,-1.7342001094640092
3199,0.8623366782142132,0.7653576840591475,0.750497092282423,0.6965307693000103,1.0218132284160713,0.8678350679744076,0.9590865323377967,1.0424999967996524,-0.7210912085245521,1.6669997157081957,0.8506244449016784,0.36338301047199995,0.3709289915347886,0.5386883403139912,0.4773829032322577,0.5914443458457166,0.15726460174419904,0.6787147797829097,0.038150907256232894,0.47738290323225796,-0.2279539277546566,0.9730597982402234,0.03443256012189578,0.4957960214678827,0.1276380965486403,-0.2279539277546565,0.7674902677412487,0.9682814253462759,0.8327105526734315,-0.6689451650116814,0.013773604717188012,0.927382700271906,0.53377199823049,0.4123508264717638,0.144145846744119,-0.036421920285275286,0.6284939589041627,0.4564618640428361,0.6524102815866629,0.9381891415134636,-1.2027980689018227,-0.6677057066625649,-0.5753817606972942,-0.6937305892213713,-0.5526358509710783,-0.6727201013177685,-0.5523045564930658,-0.6087747194802233,-0.6822610551968373,0.11878858514839724,0.014631199167418165,0.044032875674312036,0.26514510396077495,-0.43233163531079866,0.2919822945264119,0.22968283661552996,-0.5836389204128886,1.1005831788831184,0.33924398382985244,-0.4588688841460954,0.6352175442613449,-0.2846181182778992,0.3124243399492064,0.8050938548423181,0.9748353254192295,-0.3443500105477768,-0.6870084119503923,-1.0097263204811364,-1.1250974386984187,-0.5102267834938358,-0.8667388265748242,-1.168403929027981,0.6892063928203801,0.648892593219942,0.3832813710885027,-0.660055747577543,-0.2715845947678177,0.955139044651599,-0.3277539636819072,0.6458064415292165,0.6924400008148262,0.7502662740092978,0.5464246956305506,0.6358562578990865,-0.9218323316281086,-1.044353766403161,1.4214940847601323,0.08719366062033475,1.1418835777590068,-0.19212804296248873,1.0174668168107683,0.3380438076150792,-0.6199888816706906,-0.7973634143812137,-1.743599199492189
3200,0.7905288300821275,0.7384870645064253,0.9166512249080742,0.8719634386131022,0.9697291008411862,0.9242243740653785,0.7730357657021288,0.9661422391542334,-0.8405320412228434,1.6731881731607803,0.7702421399582611,0.6315763291355282,0.6653835043339885,0.7760944556906392,0.7283659044092015,0.621305537046973,0.31363220733900726,0.8735326948715498,0.13513544329276597,0.7283659044092025,0.04184804722038283,1.0797509227542088,0.13657348774090725,0.7475863262307442,0.13198921983826148,0.04184804722038289,0.6147352736534556,-0.10328728271544005,-0.240847795559777,0.3248171493310071,-1.1461189276603279,1.0505188621282604,0.805536286630335,0.6920251436895273,0.41067323960692503,0.15711901348374746,0.780183418932136,0.5862628894432603,0.7865820555604867,1.1353619141076887,-1.466727938115853,-0.8766627918835015,-0.8225450536636078,-0.8761672413333765,-0.7367681237602992,-0.8324267620392394,-0.730394860146898,-0.7665181063591158,-0.8408595187816372,0.6070056377145894,0.9823037525300552,0.3531985492285194,0.45430876171056067,-0.31712601653147937,0.4278852426300797,0.15257215590478132,0.649995609852557,1.121002405673793,0.27814122090277954,-0.6553609610266133,0.6307692991307147,-0.1044540005313793,0.6190101646767657,0.8675927612863455,0.8143104541344343,-0.5535638085408229,-0.8932019464398927,-1.0418432425716468,-1.0962038884443737,-0.6718974245087301,-0.9561668584463879,-1.1099834634395696,0.8842708222457951,0.5331434715346675,0.3109676045074689,-0.43188932659077,-0.13502597811783348,0.847362101570791,-0.4143563270898485,0.9203631018223959,0.7948283207870473,0.8696147427044358,0.7203565794433162,0.5837524505601984,-0.8264625485116864,-1.1463376965310654,1.4133096018869982,0.13464627277031796,1.1904108708200958,-0.22606608234202707,1.1309165748365884,0.3545601775911191,-0.624584059798934,-0.8646360830944227,-1.7622451643669985
3201,0.8126991929988987,0.7525307236614058,0.8483706985809992,0.8580800692695981,0.8661438681039502,0.8505963078172412,1.0215083748423743,0.9603794083177543,-0.94483095270695,1.6586652502278274,0.8488326357703305,0.611532603125059,0.641841334962206,0.7572615233672654,0.7117032088274036,-0.03961496555526492,0.40023559437554657,0.4824711270622199,0.23022808417400573,0.7117032088274043,0.19752226767560585,0.6226573252145042,0.21150995952856508,0.5467532615294876,0.151794729712799,0.19752226767560607,-0.2573515880752166,0.04519038027571843,0.06711508352483372,0.17867362585104776,-0.6563865118981176,0.4791797495170148,0.6830164217396227,0.6333002209694941,0.4199146779289073,0.13004819242847449,0.7520455101795013,0.5289067129293359,0.7592740131679442,1.1277801652431407,-1.3069188998587493,-1.108165266769355,-1.0216835702134603,-1.0143286866226267,-0.9004210161827018,-0.9679994140981594,-0.8803868209476021,-0.8947152933366205,-0.9773837204365636,-0.05405400115620168,1.2604242211608576,0.47660758465718467,0.2768403844492821,-0.3391278262583567,0.6201172955537287,0.1634458815794862,0.010690632568334128,1.133809522599815,0.23128141703343652,-0.864470952576033,0.6263360928582921,-0.06726808920618839,0.6018470383021383,0.8339315992980725,0.7779784663679646,-0.6664191082099873,-0.05006103079581577,-0.8957741854977603,-0.8699374301933105,-0.8612475555142217,-1.0606307779056399,-1.1549585392888264,-0.02363238345753364,1.001467664378121,0.17087354179992992,0.0591293581421314,0.17163131555357247,0.8304473376018372,-0.5328188968403743,0.8236313739693552,0.8898942982832372,0.9724866538976413,0.7954804826981876,0.5357717987035405,-0.7465142435157165,-1.3060943808768521,1.414570933820838,0.1646843356048209,1.212594317837145,-0.23831164288352638,1.2639430727326197,0.3684056317383951,-0.6276094161888967,-0.9281402991492311,-1.7907851149987488
3202,0.8641320084496092,0.9166535767472459,1.0328753174967673,1.0245128692040373,0.7207679775451584,0.8992029952510618,0.8563225492597017,0.8038843697618088,-1.087280268755671,1.722661331819459,0.7171017757772301,0.8665422805869466,0.9235974616469896,0.9823789802843282,0.80428060074651,0.23104314564663586,0.5264573076321095,0.7036758343419107,0.3379499670747515,0.8042806007465104,0.38491558115554814,0.749170514162436,0.31524830243528534,0.7558514108732888,0.19027433717197909,0.3849155811555483,0.6825274431219157,0.5843479240391716,0.16115966238178914,0.6456015471479505,-0.7902679293471022,0.6185622011923334,0.8740374420595286,0.8499157689037989,0.6682530998502128,0.3318469358484161,0.8907680573105068,0.6488719025786353,0.8977935080125871,1.3154252202954957,0.3878278167869601,-0.2844779326868175,-0.2317239079103513,-0.3905292686261849,-0.3491103054725463,-0.47576776813280497,-0.3404424579100229,-0.39455814606976763,-0.5308400029920897,0.5734648262224935,0.8752073273243537,0.6855749035318506,0.2639205381044516,-0.23698385921116868,0.6316554184027158,0.20145877034941653,0.32773354019954953,1.1409466865617743,0.20257808933226443,-0.9853788115639418,0.674168608262557,-0.06486579163319317,0.819687642572838,0.9903281104467474,0.8323596186077594,-0.8498653059952509,0.47939682413478807,-0.7426597409000184,-1.0663584347802222,-0.8569534512114562,-1.0654008657922296,-1.152953992609301,-0.607147872861784,1.220171106186305,0.6013160523299816,-0.17607805158181022,0.2864424360323666,0.8314028806852305,-0.6721774103022009,0.8202792883089194,1.0173541352273245,1.1129734363910175,0.9247121887607423,0.516931655494821,-0.6642429412820576,-1.44988081847461,1.3906773542410298,0.2120065103484381,1.2410996954201494,-0.22727252624658106,1.336480413726194,0.391897963264323,-0.6293719001066805,-1.0087092709147087,-1.8086194542756542
3203,1.1037054170243463,0.9672730736675244,1.0370903379566434,0.96356059522315,0.489185603633912,0.6432734534182587,0.9673057717931736,0.6332563768664388,-1.1461660364552069,1.7328286732803337,0.8745264339252817,0.7369391080217162,0.7567871500992057,0.875918925796947,0.6441747269068634,-0.3952579777028425,0.5679266628885548,0.23091251983010302,0.4244181129957975,0.6441747269068643,0.44068482374299195,0.22335624892140898,0.3761328447076402,0.4424341222259879,0.23440027559290635,0.4406848237429917,0.012593968260278603,0.17740255838280336,0.7846500151648926,-0.5632814562089112,-0.5181942280371347,0.2470401203708129,0.6265834499785292,0.6560244819563119,0.5547280617370254,0.27170308909174423,0.8175246626034078,0.5484999975370438,0.8314518559987788,1.2527957488132289,2.02644603966081,0.8577173881593585,0.8486436254566,0.6533388350904733,0.5397025132425961,0.3349991142172167,0.5699221972822328,0.42927746152164464,0.21982462208462605,-0.2142165384362044,0.42831231195614594,0.6655969016378734,0.22680870803863684,0.31515034751011267,0.6856277399274978,0.20118481931837623,-0.2947974621608831,1.1581172498186774,0.15740310303761768,-1.0735893504617524,0.6873284130523094,0.058175950000852135,0.6976945815993176,0.863305895913941,0.7431283780612922,-0.9461283330220875,-0.04369560189188142,-0.4376848582898819,-1.0750791359479466,-0.9977714016071274,-1.0507672395302745,-1.1188914272767536,-0.06320193070700086,0.4729935287080253,0.951567056009426,-0.017280900961009232,0.669606388367401,0.7538068649844685,-0.8369582276735993,0.4816817293764197,1.0686526629710495,1.167287045988386,0.9573727949361411,0.5681924221633586,-0.7787213411449,-1.3084874227663683,1.3089731270851306,0.2387580231440493,1.2681080906537143,-0.19964186092878228,1.4050398498700225,0.41100236744981844,-0.6345891270841524,-1.062018783682883,-1.814669205624903
3204,1.0223409082142547,1.1938992777744766,1.1198747628506043,0.9603215673876861,0.6150699818450931,0.3659635636194519,0.4789437558868256,0.5385740570776556,-0.6295257183589508,1.71405051677368,0.8017092779595641,0.7379774523619141,0.7589431403929152,0.8750291263009545,0.465798443608993,-0.44242811952009653,0.5821917680630077,0.07795527246671861,0.48713025073981536,0.46579844360899325,0.4449814178807857,0.017897897507882055,0.4187695965811323,0.30855853642432685,0.2790731444284899,0.4449814178807858,0.300546226867044,0.806857946112777,-0.27192700453269064,-0.25648953845074257,0.32183512015038185,0.07370341490009602,0.5629385461186153,0.5585585685480312,0.5077211161934307,0.26545047866301846,0.797806453993334,0.5069802073238099,0.8158830226050312,1.251501758630695,1.0527810967784879,0.39000798872747816,0.5241210671918048,0.3925990306878048,0.310905968711924,0.13388867313420166,0.3763265929813796,0.236720237928509,0.047798084672656296,-0.020335601650590687,0.36935677221918967,0.27231645015726774,0.2567245788133903,0.45375383486925025,0.6861812969530316,0.34378120651192173,0.06960225025967012,1.1848406666783726,0.09950128001867341,-1.0611596518171176,0.78146448679625,0.14276154779827413,0.559495411073885,0.8133906477850529,0.7817754358268817,-1.092582266508273,-0.6470193471513115,-0.45443602413374334,-1.0978252220223115,-1.121147569721077,-0.9998328280650396,-1.1125094227010401,0.5603578180310348,0.038431400055769886,0.9665383513128561,0.10628688991989202,0.7820173869043343,0.7076701116522283,-1.5114289706482962,-0.8795230207507847,0.5404063764662126,0.6480454848934457,1.116051529031533,0.579951269581616,-1.0123435831458576,-1.4061619740755744,1.1643948796933152,0.2628707479213813,1.2869457884345061,-0.12827603544866356,1.4669643146772982,0.41490246437505296,-0.6564469567097775,-1.1025134751565806,-1.81785957417144
3205,1.062493954606847,1.2272485627522822,1.227919463823439,1.183417591807056,0.5646346363795408,0.5316205517063669,0.5066420624601669,0.5916636870231397,-0.71106218229862,1.7735271189270003,0.6881499325106157,1.0930932805178322,1.1611487264644202,1.183908820265792,0.5822033884605977,0.28988571623338616,0.6865030916207518,0.5804572286300188,0.565550518195529,0.5822033884605993,0.5565145709933799,0.4479477685699555,0.511008240754381,0.6690239971526654,0.3350123707351598,0.5565145709933803,0.3955370414985039,0.11463688571779208,0.12571169636925286,0.4764166876918376,-0.1277567238271392,0.5627279092897822,0.8022729329259998,0.818774219881094,0.7532631455135164,0.517666012484353,0.981730257770995,0.6788971791893665,1.0081509371734398,1.492090811143206,1.2682515134484744,0.883737855866919,1.0796875885495736,1.0819144605660138,0.8234416171008259,0.6454830436912942,0.9348948001014038,0.7579715715332621,0.5292598530647876,0.7672708508208844,0.4358200681341751,1.0104895040066688,0.5574155900995184,0.6679986668828928,0.9679277597328634,0.4027019587289124,0.5664946077059051,1.1409983259173957,0.19931852888388002,-1.0332341235345086,0.831232253334037,0.1821908467562579,0.8695137994530524,1.0024608488025406,0.8077750890991172,-1.240740299604745,-0.784412361173987,-0.9326731609363714,-1.063864736259994,-0.9531761166840392,-0.9785564152193986,-0.9453817443878997,0.6889691889503433,0.4871398141434789,0.4033823463391843,-0.06284294701819197,0.2374467415440902,0.6009554380230575,-1.1020043892131126,0.5638761188744237,0.6095728691327866,0.7290965190146488,1.2364122267383877,0.6862023559441421,-1.1481941465591887,-0.7464608487021869,0.8633748250821132,0.2836207099604234,1.290643887065689,-0.05949308024782972,1.542027808546946,0.43102018224976957,-0.6731782965400152,-1.147518877360338,-1.830814158723711
3206,1.2789433717995566,1.1723677649487783,1.3258454217334605,1.2337358590014431,0.18073280071706693,0.4071405590625061,0.2633445220219388,0.25429473995894586,-1.17468848134582,1.9372291103799246,0.41148336470541225,1.171692118298863,1.2455250958211541,1.2533124245333258,0.5888695088820889,0.016998149763288277,0.7638631814927128,0.4291378249152821,0.6449999192041102,0.5888695088820892,0.620856843102305,0.25968249668265636,0.592111123937665,0.5867247604156342,0.39755739792152367,0.6208568431023053,0.3579264018232108,-0.20158113585094817,0.7048355645025366,-0.193166920935206,-1.0335251730554766,0.48500221353355416,0.6600753409623803,0.8229280443714997,0.770871749781318,0.5678956859348894,1.0106134547975902,0.6836963443517823,1.04126305708977,1.5457408319216825,0.5256973910581921,0.9339039504436887,0.7937409619499609,0.9812812053565737,0.7096582882958385,0.5908803058722808,0.8669402247508228,0.7079026334195949,0.48289925594961974,0.165195739457452,0.5289474432801539,1.2778546592585782,0.7182519376112189,0.5532814579728663,0.7392838002717105,0.4952241846692663,-0.6405247626202639,1.1244902120252511,0.295579158760773,-1.0074005115600877,0.9612862445656658,0.2503310399609027,0.7722330788136732,1.0129495582022203,0.9027904712155176,-1.2310870607304916,-0.7373733187986962,0.10872127290396477,-0.6656652647560006,-0.5911934501240034,-0.668507775256034,-0.8425948365517568,0.6399604938724651,-0.6796683002305894,1.0096477668831119,-0.04599675127850337,0.6863694667472325,0.619475507697001,-0.762009098668758,1.2187968719715827,1.0741053231582807,1.1889555484047212,1.1437035295202447,0.7683552450063181,-1.215234399105217,-0.23615669123875274,1.2057558511436606,0.32848058305676664,1.2872973868854969,-0.07173255747028597,1.619449427746121,0.44670909624047755,-0.6991702604499139,-1.1926672066363253,-1.82356123218624
3207,0.8944345115668273,0.8501261597195441,0.44601836067698025,0.278019314548431,-1.1166949018654526,0.22103527889651522,0.04153567267212313,-1.2787887344288404,-1.1807623062466253,1.8868593473322002,0.4695415720510362,-0.6646871471533282,-0.877444138688375,-0.34627615214357554,-0.7016439694646004,-3.1512920082622635,0.34566989871848425,-2.319133507781823,0.5515876316124475,-0.7016439694646006,0.027682802164931387,-2.359329164103044,0.37767660887021925,-1.5599773077735382,0.400873056527691,0.02768280216493117,-3.174058664999609,-1.1599628908069168,-1.2574581377499783,-2.480005236580547,2.3670641717941137,-1.9735935975707521,-1.1497870165916155,-0.854042216445101,-0.5117480520392239,-0.531985744947552,0.11121411211117345,-0.2729043201769988,0.17176973868380857,0.5260312342441743,2.3300912153657096,3.541827411213061,3.0212245893066427,3.4981492070655507,2.9850344088561394,2.937259700579087,3.33902661126605,3.0771747094353747,2.73615691642181,-3.2243360100715397,-1.0922972176489032,-0.17470420553812593,-0.09220285337120922,-0.35426587816526706,0.4652271475956795,0.2913989841562629,-3.380686054111951,1.1265570044221138,0.2881468056163992,-1.0126434557713533,0.9437854198024368,0.27813785756601067,-0.8262125721894802,0.09820404967433623,0.8608288372385092,-1.3618691579647904,-0.6271768617164223,0.6334994526486769,-0.3804994865627473,-0.7184078164465294,-0.8363134331336928,-0.6987510672333584,0.5071883560642263,-1.1992023641327383,1.1986588492132215,0.44528577447938295,1.2245069748299162,0.4393022641483085,-1.2850601873289795,-0.6602995667649029,1.0695077225548992,1.1689197662170612,0.9819930567287386,0.4332050670650693,-0.8340662371990959,-0.11471710972948376,1.3437338826564034,0.3031599378826903,1.2913176739403234,-0.0794800865080913,1.7826972241059027,0.397640455691309,-0.7427442596873757,-1.215390830322211,-1.7743256350855006
3208,0.2862031012442374,0.24459939771176284,0.3126119660267766,0.3986515959181088,-1.3723595874197607,-1.1547153817666829,-1.2191901224352153,-1.2820622036348972,-1.3788048686567804,1.8865349224211336,0.5963599505400569,-0.4526660354424658,-0.6228587850619933,-0.1687517026747119,-1.0248907326062398,-0.7924196586832577,0.1316298728894735,-1.1802740790826194,0.4144860481116237,-1.0248907326062393,-0.28126104919899386,-1.2242888251301087,0.23887315490077973,-1.0065553878701325,0.373291562146382,-0.2812610491989937,-0.5109580844304873,-2.170221363254102,-1.9998403514473109,0.45007390543958864,-0.4490212607356474,-1.2689251116444913,-0.8717913570495947,-0.701681777094586,-0.33090437521054467,-0.3564670470994685,0.21322565015264866,-0.17624872161641272,0.27885770470076265,0.6634639697997425,-0.6933157788990301,0.13073898992843916,0.11887199861026422,0.35022055316725076,0.257211420266746,0.29880851145553,0.47535333844984995,0.38857812315857476,0.2210165758664873,0.41188204365247766,-0.8381219467714199,-0.29681596835724544,0.04742116455855947,-0.247476667103457,0.365216472792511,0.23094084414280897,0.4480226992672974,1.1186933477703835,0.28376344337430837,-0.9759693662277165,0.8970192132413198,0.31134808241838036,-0.5621173139849995,0.19304372229496664,0.7800400722926045,1.0969543259675607,0.37940198504994,-0.8177568870992424,-1.0532611649105774,-0.8348101506283783,-1.0066692711085394,-0.9183906147182885,-0.2743060155563704,1.2214017546220421,0.5176860314587083,-0.2012155099133356,0.20695882673334556,0.6149344203512385,1.2399093476609666,-0.32541782154776067,1.4694905891942123,1.3637058235918984,-1.2818120255086947,0.23343580551904006,-0.6881227053587168,0.08240523992921038,-0.20497558054956433,0.2918665638989225,1.297258529949565,0.006527804396548369,1.614360797191444,0.3679757535906114,-0.7756288954935034,-1.1990021835544915,-1.7948823664088531
3209,0.3428059229375173,0.20251628047871953,0.2779747098104124,0.12324735033744064,-1.3315870033956398,-1.4001419575062823,-1.3002884083777966,-1.319035208904063,-1.289868389623228,1.8816479346682597,0.643175437929064,-0.8228689241478647,-0.9890626031155169,-0.5390365819399187,-1.3739256657740135,-0.865786542904899,-0.13685704030987628,-1.4663833334568046,0.22909507796224235,-1.3739256657740142,-0.6377759383285381,-1.4093573625760283,0.048894338769366275,-1.3655169987382876,0.3098300094550192,-0.6377759383285373,-0.14087185932878654,-0.16473899123463687,0.1777537645278668,-0.9056435649751198,-0.49071174954002056,-1.5981150776353927,-1.287574549976246,-1.13347682048552,-0.6729059481814024,-0.6392305881707512,-0.062273311673228325,-0.45828617673235034,0.02981733034736611,0.3749569578148729,-1.4098423243796525,-0.7282351551075499,-0.6026631045228241,-0.4348916585191795,-0.4192980987354739,-0.3336110834675481,-0.2736946177505912,-0.30583883872793394,-0.42999945441660736,-0.9672316387241812,-1.2244940409591971,-0.6159050113511815,-0.5046645413125456,-0.43748044725169777,0.842509420939005,0.084152583582103,-1.0789554725519617,1.0600421804871403,0.28404623215150765,-0.9323043147362329,0.8808948717070029,0.43258602822466985,-1.005819943190826,-0.13293742545005896,0.6595985161574381,0.8184619128444346,0.07943190704657166,-0.8125330672573856,-1.1341611132787988,-0.992948254913388,-1.0219742347932839,-1.0294401706111709,0.012155834531379021,0.9908287845423239,0.6337854611152147,-0.10122000686309657,0.3720006285125229,0.671847033201813,0.7059595830345812,-1.0382964868170008,1.3570072331033558,1.2749413585794709,-1.0210639242596067,-0.02603006259448589,-0.5089564530166062,0.2000839555805712,-0.6528200729506001,0.22706031111603406,1.288538385656629,0.04832583123270678,1.4975363410707139,0.3306831656793606,-0.8041587086669845,-1.1660728346661429,-1.8067832273834363
3210,0.10654061996161138,-0.07339878464667793,-0.006462929044780204,-0.11500069384631875,-1.4226165320097317,-1.4246662288095446,-1.5576858597449754,-1.5561928891225825,-1.4183190172300353,1.9012663301100383,0.5651271392141434,-1.1083416205598904,-1.2599979752675465,-0.836555868326519,-1.6274648181455629,-0.6420179786652767,-0.4170018006462263,-1.516313254995976,0.007259913703037404,-1.6274648181455638,-0.979081923306466,-1.3500799209380905,-0.16853097144557977,-1.5490171315951966,0.2116586218830254,-0.979081923306466,-1.0745676315217112,-1.0515562795096496,-0.8234567402405235,-0.9813824380606306,-0.47548803132298384,-1.5386035343686846,-1.5538516298001919,-1.432019275291242,-0.9554331361297564,-0.8680818432100356,-0.30244903615147567,-0.6981192057990677,-0.1839340889025912,0.12839776533309763,-1.0643706876403525,-0.5484925462528515,-0.343923329647765,-0.16959289705157027,-0.18499693161814854,-0.049183540633670426,-0.007538223250210231,-0.05568296851736002,-0.21794488811502638,-0.8463576622499777,-1.854419205131332,-1.0309349951355566,-0.3106690854302054,-0.5335351729567518,0.8205748123445386,0.1293663198419267,-1.0613563314621552,0.9615249801369231,0.3014954980607042,-0.8050738097424968,0.7887216496206402,0.5725190169892824,-1.285340793449616,-0.43325963144825075,0.4347191469663444,0.7539394365730465,0.6668451074015617,-0.36054200368115696,-0.5489506064799872,-0.7435799618784211,-0.7691782478205675,-1.142510383303922,-0.6204591779033914,0.9086623630289716,0.34199934719520914,0.2825015622277601,0.4744767784970913,0.8642440180668223,0.852412404331519,-0.5266048647618919,1.4796121812322098,1.4028149301274317,-0.9827602682458563,-0.335239265727462,-0.20925014189683777,0.4194723831454089,-0.8791541574192459,0.12312404679643615,1.2898954006650376,0.10408493824990034,1.4032221440064143,0.2683368070381285,-0.8427940741800986,-1.1225396307158013,-1.8039587668534571
3211,-0.141440396687175,-0.20727582921483345,-0.06085270927022288,-0.1576238040590335,-1.411617375841069,-1.480759328178167,-1.5640231692392956,-1.3969474516486269,-1.200053784248248,1.8408120978663551,0.6218877151498998,-1.1529996054113814,-1.3006706214526462,-0.8856694043051633,-1.559785963854579,0.15023573482875327,-0.6067972867909819,-1.0182690747985812,-0.2074689285948746,-1.55978596385458,-1.1699562387858258,-0.7623511541511566,-0.3497595848749058,-1.2806300431345916,0.09353912575360272,-1.1699562387858258,-0.21352495996178636,-0.545838795678494,-0.9245811815935476,-0.07441160865457647,-1.0244617708907442,-0.8190700810645783,-1.4431836994392244,-1.383770243189716,-0.9772117060513966,-0.8647058024908799,-0.3629672895424865,-0.7501946544586929,-0.2194549283147347,0.0945016687013467,-0.9623008325720825,-0.653418669191311,-0.41901862266562334,-0.23428883021185767,-0.19118272804520722,-0.060404317127791034,-0.04535640403190446,-0.07849389752872696,-0.24198886569315795,-0.156782397901937,-1.966418299094564,-1.0605580154905434,-0.17867557280759935,-0.4672103570554674,0.904852300586127,0.17282772487906922,0.10195560521347535,0.8665367681400271,0.31611453877623896,-0.6742883466285182,0.7677137873804222,0.5704629173742989,-1.3280960192993942,-0.4738289490014966,0.41215116867127155,0.6439774183214803,1.8265303740385286,0.3615091458089775,-0.8262875392180862,-0.5649731375548671,-0.739024455640294,-1.1487479662078104,-1.8673774549379385,0.9531243092308013,1.4984640197947612,-0.27206017018200745,0.8576809774722812,0.9301574695869661,0.4098033388688796,-1.448088151668203,1.2520978531741604,1.1828467691988056,-0.8820364845616866,-0.5766981153664852,-0.01875572736390703,0.5669285566218341,-0.9854061882146625,-0.0038734132872032417,1.2845923775501678,0.15685031325965965,1.2787914650014234,0.19889766991032481,-0.8853538497571901,-1.0720601793665052,-1.7995571418151248
3212,-0.09317969145912099,-0.2629888482835943,-0.34121174741557114,-0.49940638322287856,-1.2906829115560643,-1.4362458777702793,-1.4511725056161218,-1.3876594620415392,-0.9607346211978073,1.7113626558976796,0.7451600328755587,-1.525107572928333,-1.6445428636918766,-1.2855215475751753,-1.7095732858214954,-0.39385032853933427,-0.8758856488574283,-1.4362363428242175,-0.4454502588075854,-1.7095732858214967,-1.4317246151536192,-1.0515554147889559,-0.5843268024347789,-1.6428795164798797,-0.0522827232524751,-1.431724615153619,-1.0600814452448806,-0.22770620113175474,0.1743189152199332,-1.7730403486047444,0.5698492648137682,-1.389350722541127,-1.7979864479185133,-1.7683521712568484,-1.378669921362784,-1.1952259945513783,-0.6942275968275796,-1.0749599809637904,-0.5258080536679871,-0.2594132794393803,0.7417611416792124,-0.03148753638796619,0.21949970987671535,0.44970801375491537,0.47463931145169974,0.6670155919757887,0.6516746113941301,0.6166173070577482,0.439359123419486,-1.2063354307984342,-1.1403603136023386,-1.556076196602442,-0.8262330667261001,-0.714296146904418,0.6814693554230955,0.05299553321356503,-0.7210177529348237,0.7105121063998039,0.36857559247079846,-0.47720424351370144,0.6028130400308491,0.6492467273242464,-1.6767401213668183,-0.8346010828713872,0.1524460548482564,0.3750774464196223,2.141783752665975,0.4418743818892296,-0.9920058479263081,-0.6484086704795192,-0.629026443952406,-1.1138508376072962,-2.2329179432997304,1.1103908041093669,1.797757499519923,-0.3663108104173055,1.0033292787050303,0.8708827919019143,0.13695018274965634,-1.4183896670795908,0.9909411815527958,0.9437162294657679,-0.6153764815433177,-0.8180637251964665,0.14758796053386625,0.5578061558132523,-1.0243376839860896,-0.1500566258553884,1.2819790875083938,0.19646372752568336,1.1998199109568792,0.1073176059415736,-0.9351057567366255,-1.0159535956578154,-1.7893993191637432
3213,-0.45962494738595144,-0.5778079753249984,-0.5971430261701101,-0.7226492230050515,-1.4554483384729804,-1.3486184258267198,-1.4802237161012446,-1.457684476431262,-1.1582381241389104,1.8036229039243699,0.713543242873564,-1.7335648521306286,-1.825959203098305,-1.5221001535182601,-1.7727742333235805,-0.18099212957145172,-1.132974205039281,-1.3632368257596077,-0.6949623747445208,-1.772774233323582,-1.6455185199363764,-0.8741481139261948,-0.8240417274768222,-1.6639585076108905,-0.2215710657971718,-1.6455185199363769,-0.967735725334778,-1.2648609642597382,-1.3492688325811233,-1.1514710323066453,0.17907947971381333,-1.3846257169090397,-1.8960339777225883,-1.918818721904639,-1.6048275985243725,-1.4054420957062623,-0.9121100979004038,-1.2785273946815205,-0.7218632407889105,-0.48307826641287555,0.5682125033177933,-0.14969535828046393,-0.03339212572233708,0.2774791021022375,0.38462632380464856,0.5637031055227814,0.5197602534716347,0.5021075891365485,0.330662449390161,-0.7900676819830905,-1.612804929712904,-1.7132237835660433,-1.2086384868243532,-0.8573050043499697,0.552058548538632,0.09809775401018844,-1.3324360000505675,0.5279342966446403,0.43871140780696277,-0.23348777697499934,0.4472772139556658,0.6516937184386455,-1.8377664495093506,-1.0423394049168326,-0.032061091692844726,0.4738707514132294,0.8255532972670331,1.3451342035165308,0.003732683935828314,-0.25710858701927336,-0.8150470969960738,-1.1518083169787359,-0.8223981140469052,-0.9169531372153882,1.4470807064033402,0.32757179986492674,1.310398043306956,1.0364748802043318,0.6296924954298581,-0.43639505792264194,1.1969622547020453,1.1395685672937015,-0.7402312768188848,-1.1275295815310598,0.32737825403962856,0.5980338500456785,-1.0536308297584425,-0.2742306903537934,1.2738200907764121,0.24067172968058792,1.1370102345292634,-0.015585631395504219,-0.9962064904939084,-0.9730859425152502,-1.779529029445248
3214,-0.7128140754666599,-0.9032090579014486,-0.9441001696996875,-1.0168289736438567,-1.1273599940639187,-1.4272953292775836,-1.2994625731004423,-1.2703285655633398,-0.8771260900649295,1.7913574169915372,0.9452748774076061,-1.97749750176006,-2.0283685936604106,-1.8105510377977474,-1.8571325751677041,-0.24025308039837176,-1.408747341394849,-1.4590926512180369,-0.9590820433573412,-1.8571325751677055,-1.8521474936103774,-0.8627713428364764,-1.0839294501813883,-1.7898785864524793,-0.41434594423662874,-1.8521474936103772,-1.3113085142814074,-1.307413804030913,-0.9349288030566092,-1.3331276687106688,0.3676547952185492,-1.5841227533273667,-2.0683074381387114,-2.118947032308977,-1.8770764132977849,-1.688730048432992,-1.1839403469678629,-1.5373867560347356,-0.98432690702676,-0.7828385345596759,0.06483087613236617,-0.3544641756290362,-0.2904366512662329,0.025634246442199807,0.18422862205357513,0.35909908748558017,0.3308064523037789,0.30301686257568233,0.14177835173069023,-1.0432512886507055,-1.639498737929421,-1.9813754964525938,-1.4755961278239396,-1.3557661086495685,0.09120027024364671,-0.022132004195019317,-1.1086816255110996,0.2958537457582094,0.531917377498013,0.06587843040192078,0.22384514010696518,0.46193041484368713,-2.0216813501579916,-1.2132040273714,-0.13458963959803164,0.36606927439853426,1.429843482008112,1.6708751860484206,0.7196157204590131,0.02899942243330031,-0.9458951980369085,-1.1549300815599381,-1.477137425197742,-0.8352760551397097,0.8552067374757283,0.8189786257380106,1.275630096466039,1.1332497717898486,0.09284093744144804,-1.4154494248681753,0.9072868260712713,0.8623929880149255,-0.5728121793720636,-1.3995622703338155,0.2635675691518659,0.5718903689071514,-1.0579443739067902,-0.42289491947178803,1.203374954039342,0.24952702754939166,1.1319967425959232,-0.14877942019027451,-1.0525444371717383,-0.9289475810971316,-1.7694799008190039
3215,-1.2214898870995161,-1.2676462450930859,-1.1665219115421903,-1.2401761367024278,-1.1493733331578433,-1.1033630065558222,-0.8748339114115317,-1.154189587725987,-0.19583405549533534,1.6624972814265861,1.198086129073373,-2.1335794555527485,-2.1488555076307696,-2.0070200782306173,-1.842927112515578,0.004668452048059507,-1.6557206464292697,-1.3148586011049757,-1.223223146250984,-1.842927112515579,-1.9946874317555077,-0.6271057539694455,-1.3357164385135922,-1.7275077883970258,-0.6246024230668502,-1.994687431755509,-0.8511791157148578,-1.477251844437572,-1.8876923296152417,-0.061459700180047844,-0.6314417589811926,-1.578307496428159,-2.0248588235569556,-2.174127628683342,-2.0650819883126186,-1.8783240587088552,-1.3867055258735668,-1.719716488699881,-1.1807098595754375,-1.0063417006625763,0.17728596497311272,-0.12621097463410075,-0.10050986364440379,0.15443157004046124,0.4021139327635724,0.5577489235746338,0.5055549660619839,0.4920678132537819,0.3318608722517352,-0.7986905527652711,-1.61425609148976,-2.369596254682036,-1.78623970071993,-1.1750160195846595,-0.009285827794028758,-0.14467460098114393,-0.26927823328729045,0.04037750414265715,0.6303692060490685,0.3862203110441695,-0.010435893414222923,0.27797020636892256,-2.0711918150317787,-1.3212100203113324,-0.25459260866088207,0.38058114598810794,1.5420515553920453,2.1824000996109296,1.2374736279219813,0.9482731489410314,-0.8044958775261655,-1.123974419201478,-1.5947799849431965,-1.351783175436923,0.740122692029375,0.2815968554397009,0.7607921208542011,1.401207384184486,-0.22663821574684048,-2.325176383567256,0.2278824803005353,0.17387448833733668,-0.5909752960017227,-1.5127736713805835,-0.04533613798532014,0.3431351709210617,-1.0613913602591036,-0.575317189098767,1.0990731080015934,0.22513384004405174,1.10852505162479,-0.27790264875597426,-1.1134071862324233,-0.9106470936423894,-1.7607106500675727
3216,-1.2131521399853484,-1.2406724916513587,-1.0647679079805792,-1.0826075782037676,-1.0584890007282355,-1.1911376086717118,-1.2232550924845755,-1.0702587280473033,-0.09552433457248569,1.5577034774336187,0.9676214567367724,-1.7787665006629783,-1.7036759115678903,-1.7223840203188803,-1.3451283583042335,1.2494836448467976,-1.7037411730985592,-0.25944878452253795,-1.416973806412909,-1.3451283583042344,-1.8667632669645304,0.46638207869905207,-1.4718392149416828,-0.9313197981499762,-0.8237278063234029,-1.8667632669645309,0.4239401891949605,0.13333559055016436,0.04708874634765196,0.6232566436972898,-1.1874435446197096,-0.5042603039382059,-1.2837371342343824,-1.6141320782589128,-1.7747504406174976,-1.6293801084143673,-1.244439826523148,-1.5418751306404,-1.0256168171535842,-0.8179676406977089,-0.5604400258137371,-0.5985178804974924,-0.6023909811738797,-0.2792869256374588,-0.09560297251706701,0.015194327862924014,-0.023032211375191007,-0.03227612834420333,-0.17434472701495649,0.5983892534289984,-1.3176040826438327,-2.2399773123068654,-1.6383781527845536,-0.8977244009365752,0.18118245983661463,0.042573805736133334,1.1856532069870243,-0.15430159113987016,0.6506848961173768,0.6622219503890024,-0.20476161914343635,0.2740929059004925,-1.5369944523741401,-1.1685390729429264,-0.47891517838390524,0.2869715838486871,1.519205310028235,2.918227436495706,1.8364833841844794,0.7330049322586897,-0.6763372490879617,-0.9931291287357182,-1.5808028521740631,-2.250638451224092,0.7889586115368071,1.2751420306673387,1.588458176801218,1.203467253221989,0.20212278497378813,-0.8624445076146258,0.11983518527511905,0.07434159252207455,-0.48781284121186214,-1.4728065795505898,-0.25357530863681366,0.05899270735521949,-1.041399393245157,-0.6987506882518163,1.0360602212387342,0.19335767763567926,1.0950283526587827,-0.4083893593721308,-1.1950658594724817,-0.9106955373459023,-1.7484888795694693
3217,-1.012133219301072,-0.9290202171745059,-1.0097523369981531,-0.7714043863646208,-1.2246899310641166,-0.9457301750688527,-1.0876704895996305,-1.2540462939516928,-0.8649720095984127,1.665769830680665,0.8333884874371761,-1.1753487984404538,-0.9760557160017344,-1.2188730168160882,-0.5335843615739655,2.0460068400480327,-1.558446820977015,0.7818404189422175,-1.4951171700788568,-0.533584361573967,-1.491064548705718,1.4906908682404736,-1.47486945740321,-0.009263345429768921,-0.9845474607671195,-1.4910645487057188,0.23859507805032804,1.3189325315648373,0.7917875259094834,1.0937462413271908,0.6469829805296308,0.6474869485863777,-0.48693884249658037,-0.8054355885212029,-1.282848266924867,-1.2133810255468287,-0.9653524759990938,-1.2274368885654663,-0.7296192048551946,-0.4645145692741958,-0.4045845473629155,-0.24659640271086175,-0.5460308761150807,-0.2327278919631389,-0.08786605170633503,0.027337946012943027,-0.01460609556289988,-0.03219171331772645,-0.16629762056530206,1.141179897472154,-0.38124553865185407,-1.0558587454861814,-1.511346121604552,-0.9683836373161269,0.24588258713936162,0.2534236372613101,0.7415157620948675,-0.2569077364355517,0.6577969037038871,0.7284422309521624,-0.2223208106234394,0.27009729819123574,-0.9836251341947551,-0.875458651964781,-0.49572745196490914,0.10535807684810447,1.0231922173579489,2.7063793104299005,1.5761663608142793,0.23280325171464267,-0.8363129019522305,-1.1189396412202166,-1.0745751257187095,-2.3960924243585593,0.9380418348892158,1.5894083611277419,1.9406469593134863,1.1635409601557727,0.7037014530435616,0.8583158242997662,0.8737336845507122,0.8478650887600561,-0.36231263143382636,-1.6110939799542332,-0.4264003581626683,-0.06304465518645457,-1.000120382414423,-0.835416722234778,0.9835571207074162,0.20728352741263611,1.0891782157851904,-0.5430625573865417,-1.294059638381011,-0.8680352236389167,-1.7350519917504688
3218,-0.7314227729390193,-0.9200713882063903,-1.1130609485493608,-1.1255135640979463,-1.1018926364159676,-1.4530758283183698,-1.1606089518602416,-1.2998746207148584,-0.7639055178755543,1.6679336156836329,0.4651129680731471,-1.5055870256473094,-1.3311339284135513,-1.5632537012879717,-0.44299315675042983,0.228487042755559,-1.5947500402666328,-0.1881768140365173,-1.5601574692117786,-0.4429931567504319,-1.351042596340492,0.5485320327806431,-1.5543779295653872,-0.5404587177673523,-1.1314431006946923,-1.351042596340492,-0.3693878507826,0.05769073461086413,1.063141744954052,-1.664878523141658,1.4404584037456751,-0.1904921233112613,-0.8540787336701637,-1.0554790082250094,-1.617374368993375,-1.5404794401282207,-1.2835976489296976,-1.5199003059215561,-1.0468789416436093,-0.8323137813695111,-0.4176754743490445,-0.33089459972759133,-0.6113990421535382,-0.35694076414926534,-0.2185603996701572,-0.07973329539923682,-0.13573812501942106,-0.15452110160714944,-0.2762668420360395,-1.2183801290040484,-0.5577433107744126,-1.4980468275607464,-1.7365486541812756,-1.4110757750549598,0.006778558008258732,-0.004382956676195544,-1.3716008989949278,-0.40167275618268317,0.6908063747116733,0.8137114209677953,-0.3149984743992356,0.26609762942915316,-1.4430072763008754,-1.1946919939708676,-0.5997509299846338,0.15374156564112626,-0.35331040235612565,0.6187648307800329,1.3311187868979812,0.2748800310427488,-0.9274341581365153,-1.0135946933513713,0.3928911637054824,-0.9856916594157317,-1.0805453463198433,1.2400228088834955,0.225200700945169,1.0753550128783442,0.06709963074513152,-0.9173575117267727,0.7768106342918905,0.7483861173562733,-0.3791656171500463,-1.9093470816790472,-0.17088305434445406,-0.3119225083927366,-1.0124729581236882,-0.9819583500124751,0.942058945420421,0.20746147889029862,1.0908024149628364,-0.6765736338836971,-1.3849449337435078,-0.8392600430146439,-1.7271305193064377
3219,-1.1226089495146951,-1.2241070560463985,-1.1447899003590116,-1.0620671345253265,-1.1338520148716122,-1.1998894173141383,-1.1925343340719183,-1.1987907122776142,-0.735124374436588,1.6750607435548663,0.24329589864786114,-1.3782859323126218,-1.1834921011934805,-1.4541979994078615,-0.2068539624347873,0.6115489741825193,-1.5551606571359706,0.1945603372208839,-1.5893555588817472,-0.20685396243478862,-1.1325732414531196,0.8867159176688761,-1.5787522619910899,-0.18367603596450346,-1.2550497918226267,-1.1325732414531207,-0.11439184901585411,-1.245265800003162,-1.4193393523898181,0.2826339111365216,-0.4984081432589947,0.01649219933696381,-0.5135383565610248,-0.761849835692085,-1.4174445590950155,-1.4001619640647507,-1.2230982335897669,-1.4260895444160435,-0.9790152441372955,-0.7521901945477867,-0.18167512264283364,-0.2578828413656885,-0.2256669166256954,-0.29728516506843206,-0.14760727216260713,0.03230328991247339,-0.04800195749002328,-0.07085320349631379,-0.18268976997749944,0.22581357327542517,-0.03897781626576429,-1.171602136612196,-1.6733007452596367,-1.3839484827572963,-0.05213967246261094,-0.321906763295867,0.20065387078287264,-0.5440738782617002,0.6872444199860837,0.8996515598405502,-0.3634560695437441,0.2620936618502801,-1.2686029569178372,-1.131621840942337,-0.6522305617650724,0.2832176127439835,-0.38045407793250785,1.2616152296380219,1.7462616166541463,1.0653357346251866,-0.7299287254798038,-1.1013385548639232,0.436568435596358,-1.751230843011246,-0.9160585788542287,0.7629000615043047,-0.039860445361722154,1.415050452997531,0.25367951695278346,-0.7686825818054799,0.7589782011812636,0.7186422449210803,-0.5023612919332705,-2.0710607765493645,0.12318990062513666,-0.6439376081933285,-1.0250058459130362,-1.0966740928381604,0.9013314159159798,0.20620780079157966,1.0682301727039079,-0.7652192492216431,-1.427672923803719,-0.8191643859372251,-1.7213260112394784
3220,-1.0182159397177268,-1.1266203978308924,-1.0755760388415316,-0.9839280677349508,-1.268112231347274,-1.2445912427764847,-1.1770239994775602,-1.263541525466634,-0.9949081167312753,1.837667852212564,0.08186982774508542,-1.2182855001916473,-0.9922025574080158,-1.3197704457063446,0.08020582908041614,0.7385053170220562,-1.4634972526468835,0.4757014492871532,-1.5760712230713523,0.080205829080415,-0.8655708223826736,1.0964412397179792,-1.5564610338432936,0.1335266200912954,-1.3494162483422878,-0.865570822382676,0.2673439387543663,0.4043217664970445,0.38717101781927143,0.17530165224183714,-0.30394984780555095,0.08778497672983088,-0.19720766403231946,-0.4286564821526571,-1.1901813645429935,-1.2501540368838797,-1.1525476908340446,-1.3212707200439295,-0.8992641705716119,-0.6612519380207915,-0.3051741451183235,-0.5095617526639176,-0.42768891024452926,-0.5323831176409611,-0.3536362110296726,-0.20039120472483396,-0.269397834325207,-0.2828548232878911,-0.3741840220524908,0.2875648766250943,0.41197492883642545,-0.8604739365950151,-1.7678784496356024,-1.4470331701512098,0.11338820987920586,-0.15992755243246917,-0.5197839239032098,-0.6601127703254056,0.6426894928604432,0.9182992262501017,-0.3871210400828542,0.2580851552580343,-1.1008218728409958,-1.054917977743773,-0.6756285130954139,0.045922427145370884,-0.8468787117393954,0.7202445020248228,1.6515376117594387,1.1133117692273609,-0.6327273217111189,-0.7524138602269266,0.9042937991277079,-1.4663307146648616,-1.4057303971286363,0.5958448952546073,-0.5283282216143724,1.089987472716321,0.2763080382290654,-0.18483427081124731,0.9984781563551057,0.978263911581892,-0.3228526242764,-2.164438802559932,0.4297526763743915,-0.7290000415849628,-1.0664928124057798,-1.2513189734108328,0.8739038169062614,0.22610999053443268,1.0392910668739013,-0.8685677700498373,-1.4833779919047747,-0.7900912444549837,-1.716584770998464
3221,-0.9447592265425253,-1.0076369241611416,-0.8789189132136114,-0.9703371013978938,-1.3618376413754987,-1.4419006041591522,-1.3703892203829424,-1.4052535531341694,-1.0153247106550818,1.8159685008828181,0.048136876480728806,-1.1817035093358634,-0.9505965352930076,-1.288258856854462,0.2756469574962699,0.4991554258626203,-1.3705496388350944,0.483761037349778,-1.5337601002877572,0.27564695749627005,-0.6177290069195942,1.0296447734683747,-1.515556735428062,0.25615185288100883,-1.4158945365541509,-0.6177290069195953,0.7551900213610389,0.48846485074730567,0.28131964151392586,-0.10414901019963896,-0.8767852670966941,0.047266622231394446,-0.017539226215717487,-0.25077666309299756,-1.0524990333653375,-1.181450953581884,-1.1390095703471952,-1.2769777574057488,-0.8810655364579154,-0.6431832707063748,0.0742103408000632,-0.24645061489102982,-0.19389782602647437,-0.3676307789039139,-0.1748009441090498,0.03357953553987352,-0.07127215619312316,-0.07298766244286924,-0.15213839271748544,0.04414360714602381,0.18209896980020637,-0.8048975531300298,-1.7823626932606664,-1.4214055131798915,0.03583709467996495,-0.3334882145779144,0.13443294672824924,-0.7600851559591772,0.5799345599242091,0.8622759604158308,-0.4922762031427293,0.2540718669307558,-0.9379392659615273,-1.038076795296071,-0.7925763701559835,-0.17177622063448422,-0.7850201244336388,0.16037586130981998,1.8338045924869635,1.2345276496514408,-0.7802013601468869,-0.9034196503571237,0.8147586813727261,-0.7694236880118952,-2.2750879446465277,0.6727265330665008,-1.104881188580927,1.2746268429583147,-0.13647753919296807,-0.7997159292831375,1.001162552881773,0.9969377054827395,-0.15333832398502012,-2.180894260456445,0.6317221874140297,-0.839330446046663,-1.0887316691017734,-1.4411895816112053,0.8266191380798188,0.2585532728920544,1.0147670193632037,-0.9506624600184744,-1.5203598534571365,-0.7635373255569151,-1.6909879879497585
3222,-1.074579748073416,-1.050628889610884,-1.0196561597971392,-1.107208406223543,-1.4236211169730497,-1.3787601848315045,-1.3538400831826403,-1.4070311451919155,-1.1887525395057243,1.781191549784386,0.5379465556855432,-1.3299370675173778,-1.1361414817410411,-1.4272007869686505,0.23457118751591263,-0.1111965697498655,-1.3463561068505834,0.10705720534923799,-1.4962339812796082,0.23457118751591274,-0.4777664135639984,0.591135585417751,-1.5011397203371237,0.06196736777515521,-1.4655459430828115,-0.4777664135639984,-0.5385854483986032,-0.18809346218909753,-0.49342383565284265,-0.1425042557324251,-0.19320393441902656,-0.18197828250013517,-0.17214987507012636,-0.35017036480800107,-1.0944754519224704,-1.281024292495211,-1.2583184680196455,-1.358379749006921,-1.0017560508624648,-0.7904750131762208,-0.5303463583978463,-0.679647418036011,-0.6868588809183912,-0.76897205543432,-0.5685103483141957,-0.4278050947768513,-0.48302143171557543,-0.4921364001458051,-0.572402407477243,-0.5099504806325061,-0.49706858556241335,-0.6036034031638381,-1.154361264665778,-1.632301980342977,-0.05854979031774579,-0.5158257392554987,-0.4068025612726345,-0.8571058542629365,0.48349288681074926,0.8576351664653972,-0.5916688211460525,0.2500535515266989,-1.0398964651030649,-1.158522707707622,-0.901685450203379,-0.39024521253317085,-0.909314090649555,0.04438223245819104,1.881220814817925,1.2124397934911382,-0.742518836059619,-0.714978457178015,0.9218031912356114,-0.728796593287418,-2.4535821153720505,0.7641424716948148,-1.1757462954865727,1.0837026264255973,-0.2015529852494592,-0.4667998495145111,1.157580717050418,1.170901929847287,0.022214649754083833,-2.1485306805834625,0.6159694698543734,-0.8460684779869991,-1.058032795241411,-1.6177762116903873,0.7247309977760451,0.30390934150253396,1.0183278049254032,-1.0237851574522157,-1.544369065517814,-0.7311371511842967,-1.662948028723324
3223,-1.1324025702214935,-1.0653556361399554,-0.9972774496081214,-1.1188989445644881,-1.2820502211301752,-1.4414577936185253,-1.2884267857992386,-1.2931532425479282,-0.9265344054070401,1.8023687523557317,0.6623205957543838,-1.3354924438249949,-1.1477457765214845,-1.431094694690372,0.23765484974835302,0.0025934793966925712,-1.3106320108282294,0.1735300124302824,-1.4579487141994214,0.23765484974835083,-0.34158503837723087,0.57467227709777,-1.4746888525200585,0.14606874223325222,-1.4987887220724196,-0.341585038377233,0.07481203176171099,-0.07218292016347842,-0.23312950282870326,0.06702069465721554,-0.46241914650068805,-0.22987877701896303,-0.12699994942275236,-0.2375190748648099,-0.9764073647722932,-1.240947771231246,-1.2595064498285042,-1.3239219652496848,-1.0092868355260065,-0.799386259131474,-0.5469437757448834,-0.6808188186713843,-0.7519294645279111,-0.8150901687761203,-0.6436183935706463,-0.49784456801346544,-0.5540653074222296,-0.5636331162278395,-0.647294179634897,-0.05568591374900416,-0.004353760371042074,-0.3962800016808581,-1.2555109731990182,-1.5914260125211221,-0.3664793989564991,-0.5013450653450778,-0.19219252482058857,-0.9379648506022433,0.37080410194355135,0.8527048509154612,-0.599149987011639,0.2460299609867798,-1.05629501301598,-1.165084406403244,-0.9047025501800644,-0.5158751225927662,-0.48546431414703806,-0.2785453818261404,0.7332255839818905,1.598255859160763,-0.6352757552823275,-0.43463651057071045,0.456980395125428,-0.02922093488817969,-1.2800014263763224,-1.1045951795973135,-1.8190642457352297,0.9373661052956509,-0.7372819591339357,-1.4562040401448986,0.8860958774117894,0.9089794818974931,0.16171865864785678,-2.0924116203324625,0.49543863268434646,-0.8562690569334966,-1.0177996884106977,-1.7396202754406154,0.6339814081596642,0.3329503103169214,1.0272929342040067,-1.0972849060848995,-1.5775376137823416,-0.710732433812211,-1.630869779769234
3224,-1.1868882136704069,-1.328858763059684,-1.1636313351570597,-1.2797392207621552,-1.240097700621803,-1.3544901506687517,-1.3205993764289135,-1.213648682825853,-0.8687695616327332,1.824988076078527,0.43747900663621797,-1.5120577186250215,-1.3682634658219968,-1.5953109280545343,0.08539780090218026,-0.38595913971160367,-1.3345359753496242,-0.1597929699084938,-1.4404858944133758,0.08539780090217908,-0.2975546485330581,0.18918752820197302,-1.4790984014507027,-0.07809475321777423,-1.5256867716122138,-0.29755464853306013,-0.6516665499676902,-1.1086513503699758,-0.22301211190285067,-0.41483244890821397,-1.1746232111742907,-0.6102167444197495,-0.40255873408509524,-0.41448466916058174,-1.0441717767438359,-1.3492635266123327,-1.3916963872844048,-1.4289563778514738,-1.1526244260769665,-0.9723234087429999,-0.6030147582185922,-0.7700794142895107,-0.8298633639510666,-0.9195102677626078,-0.7744371617331631,-0.6418310102798701,-0.6823400468266054,-0.693262182277226,-0.7773533188450906,-0.6058962038989993,-0.34597261649334515,-0.26366785356512545,-1.1647075183507283,-1.6965181498089317,-0.43947687778610234,-0.5214160158876712,-0.8116135708121038,-1.004284876207041,0.21137695203760043,0.9072336255779262,-0.5892718512260307,0.24200084443459147,-1.345423716060421,-1.306491815321246,-0.8878384492967264,-0.7123736723733108,-0.8603764390333188,-0.5919771517544969,0.8912333328280998,1.5844130976445032,-0.2493330324223707,-0.4111943382568018,0.8315457952080857,0.0707343158111815,-1.8354576816233477,-0.8996100530243074,-2.0560419272691055,0.9099002597671719,-0.7241002993731974,-0.9139301580768918,0.8134307404630569,0.8515131932096945,0.3429147104646758,-2.0148905792564578,0.5220796004292351,-0.7373533065315558,-0.9291777924470083,-1.8909485784862627,0.5553331711455323,0.36565572097605503,1.0714256547104186,-1.1812325711335359,-1.608845315930279,-0.6909489308691182,-1.5937038195033748
3225,-1.037196868581589,-1.04367395875189,-0.9648034410335472,-1.0180844968039968,-1.3725261274437652,-1.3045940614364062,-1.1987172567368873,-1.4678215622804625,-1.2617976625881062,1.933226914456429,0.06190682386335321,-0.9556340921192716,-0.6409986727443986,-1.1544122074044396,0.3755110670602055,0.7223806357068212,-1.209444606638768,0.6855418218975684,-1.3842199901072305,0.37551106706020515,-0.07435428924236372,0.9221745064264443,-1.3960840745376033,0.5655514003655825,-1.5278711800920752,-0.07435428924236458,0.7591711691793598,1.1843671163820435,0.563159966182944,0.08736617993328474,-0.5521484719495815,0.24389553373077463,0.06006679514696664,0.08399067340283715,-0.5540380336439016,-1.010647534025656,-1.1518446252525767,-1.1540172006761027,-0.9050236491615655,-0.6852351619610613,0.08131609996071089,-0.20061182343937112,-0.33630102300544895,-0.5808974513977383,-0.49625094156071603,-0.3166381512373899,-0.38061367180884814,-0.39018151737564316,-0.4734673651098597,0.9588262232954354,-0.07760706426679093,0.237076919168808,-0.7627911918653622,-1.654738095703359,-0.30666681707528115,-0.5677909538908307,0.46982723426898415,-1.0146130570278642,0.027155964596430146,0.7749504606382706,-0.596454410789293,0.23796594807391352,-0.9057895510566555,-1.066273371160162,-0.8903588602022492,-0.7828806228972146,-0.6446331466048357,-0.7691180570758827,0.737851956503956,1.7855310573784495,-0.09853010035545404,-0.37887096835610967,0.5958542486433849,0.43670631752793715,-1.8280735254442242,-1.3389580106909948,-2.3911960974463886,0.9443588280727286,-0.3655313931810745,0.07972189614671733,1.2023671081066263,1.2459384574125822,0.37153852233524,-1.8560373212728851,0.5010791403909063,-0.46027773460271404,-0.7796843868356261,-2.0275797300376586,0.5136929185532626,0.42347473661947854,1.117726180665876,-1.2370512801539517,-1.6205953692956938,-0.6500120296976103,-1.5562935908171167
3226,-1.101943766177235,-0.7670180008940046,-0.9285323208299261,-0.6078584524486857,-1.4299904086235236,-1.4422238674571297,-1.4889515162835647,-1.3612745628777227,-1.301688088044322,1.9466450019984916,-0.13812033885590955,-0.2285890721481638,0.203160897940762,-0.5350011510353557,0.9923402011372964,1.5150827259328894,-0.9286171557116009,1.589268219671331,-1.2475005086895627,0.9923402011372972,0.3403400411135119,1.6815766973742567,-1.207736571391279,1.3684140528133966,-1.4867901350249164,0.34034004111351107,0.12718769324370527,1.1488507686309049,-0.26509738364049834,2.2571006803823455,1.1917655792014819,1.3292004243935625,0.7828063492155108,0.7561561289086205,0.1253649872951788,-0.5254866869038585,-0.7884945023388084,-0.7493601569830829,-0.5215853360085817,-0.23584300367764513,1.2982927067656191,0.7775778412184089,0.602114330697115,0.11576374917626008,0.17051982488594,0.38924268559297365,0.26706037849028597,0.2662535971206227,0.1937707035758408,1.5037188204643637,0.5228873301152162,0.48977546688532586,-0.39533780511113026,-1.3959890289841974,0.04244441447146183,-0.6075874496355579,1.5480522642966676,-0.9633747848585017,-0.17901907732543684,0.5026546257752513,-0.5566915533832483,0.23392501508332653,-0.27128125229728456,-0.6927133794757391,-0.8395499073133854,-0.7640035572163305,-0.836893659559089,-0.9809173701687505,0.01613459308533291,1.7499124157251096,-0.22587059626307365,-0.3045863845274493,0.8015056488702351,0.546813763717813,-1.1012857218928465,-2.15747971035504,-2.516683542059601,0.8626621276441158,-0.6735636928489255,-0.7955829741435677,1.2448608221272712,1.285131525417923,0.3375863199570622,-1.5419803840290762,0.4093321668827622,-0.6455404015268318,-0.5684882712905323,-2.095971708810616,0.4691073880018792,0.46041945399447765,1.156811306892876,-1.2527159605604017,-1.6144112879827586,-0.6102907533495979,-1.5173525497672569
3227,-0.745014042397165,-0.7220095955437105,-0.6767949034474062,-0.6016688781662304,-1.2782987798355143,-1.5321405409689801,-1.381998605815577,-1.3877689254713397,-0.9421032300629483,1.9187016051390275,-0.2304884238080847,-0.2190283359959834,0.21377985335118457,-0.5260339490347015,1.1878380350212108,0.46212674924793457,-0.7332412150741588,1.1147464079733675,-1.0879697415120182,1.187838035021211,0.6259833546450345,1.126490997626433,-1.046382858676547,1.1921338912141286,-1.4175088881715487,0.6259833546450324,0.9690814622818358,0.1771961894164964,1.3721521491592534,0.6451340325512425,-0.31053862084427153,1.02580689070646,0.7647758179991636,0.6714933590585733,0.19676817052965198,-0.4817837386945636,-0.7803732252356704,-0.7140479326548922,-0.5123486954643536,-0.2245288464990435,0.6137162948885814,0.44789757075027803,0.37270343827611085,0.09824094339873542,0.002561776858502846,0.15999188773318956,0.05767738063309899,0.05636050773472244,-0.005233175997157006,0.013644987207317478,0.7477509647603171,0.15643970868736382,-0.10028451082642646,-0.7023144895420297,-0.16725170568435438,-0.6134526885638778,0.11501185332907636,-0.832311786572006,-0.48397871688948824,0.23055719062002103,-0.5468163609086332,0.22987778550798357,-0.27759237048160534,-0.6849240961958492,-0.8229245659694768,-0.4344762396827452,-0.7194580808780674,-0.7761339754261716,-0.6115061570966126,1.3022445680252848,-0.6096359206479376,-0.22775076060622626,0.7132567263157934,0.38164927177475855,-0.028079137948130273,-2.3373037540160575,-1.9099460786706872,0.6439463712962461,-0.774601510111809,-1.7304241430949059,0.9110899760816177,0.9249666424094232,0.07635189826953136,-1.2146892441666521,0.31271815879884074,-0.9347440466779215,-0.26541817082887115,-2.1498056742324314,0.46064629517318617,0.47749405190284167,1.1472672146048932,-1.2660442279146669,-1.607841988819991,-0.5879619201241013,-1.492182544732741
3228,-0.692142626320062,-0.6051372302149389,-0.583656638640799,-0.5340223346202752,-1.179530058279953,-1.275366436721139,-1.18835098741005,-1.1299830171620684,-0.892853824691592,2.010563848115986,-0.011211924541330038,-0.10364987577151862,0.3448054980074627,-0.4265371374227261,1.2456747035295888,0.11838453097906494,-0.5677082693425075,0.9536605475683988,-0.9240168378599264,1.2456747035295885,0.8517034804482277,0.8592391340877726,-0.8916471196629928,1.166062503655238,-1.3275542228718928,0.851703480448225,0.3495083090641123,0.4760698473849391,0.1919099861829067,0.7128239699053186,-0.1424058546530418,0.87170635050974,0.7874537360413072,0.7161714545868497,0.3614487769480589,-0.3600510326292003,-0.7181009584602001,-0.6188093280690959,-0.4459864018009257,-0.14355556002729647,-0.41740752329230674,-0.3078208070754352,-0.33344766558803435,-0.4460648314934399,-0.5029076475330845,-0.40166909863890615,-0.4654817106122533,-0.45950076732790796,-0.5242420371723671,0.23806453133930006,0.8779708295044161,0.615613909682384,0.15210000106477498,-0.7439603681031091,-0.1717765498165481,-0.701583014751384,-0.26853303509285215,-0.601971116906296,-0.879707677783172,-0.06064571883575855,-0.5133581173407348,0.22582399614841261,-0.210022430986881,-0.6218635762470771,-0.7799372325223566,-0.6439970945539928,-0.45376731142800103,-1.027208968928671,-1.0091723261262404,0.1013279077981776,-0.49008010836595345,-0.19554587585427005,0.4095617767117659,0.8636128950383527,0.26082819305293853,-1.3133652165173153,-0.8867962019980068,0.21994425543673699,-0.6499790807752492,-0.863146990939626,0.8461250278319552,0.8773200776247047,0.28365477754951135,-1.0511644389533124,0.37748190659105274,0.37951123977417195,0.5696904755918553,-2.1928123385896314,0.4609841053382486,0.500590196049028,1.1628279870594227,-1.267846922601319,-1.5958171250546642,-0.5641287179610444,-1.4626529703351598
3229,-0.46806057243106497,-0.49990794434033925,-0.33487085085143015,-0.34727866167538024,-1.2172990625304436,-1.1818934893638433,-1.2525181034081623,-1.2175124192378126,-1.0204328815257666,2.023991408596653,-0.23349701996072036,0.21208483705140546,0.6937089463258128,-0.15232273428715914,1.369092731076851,0.28370408024684884,-0.3700318635848337,1.132886631721377,-0.7460881199742657,1.3690927310768517,1.0971631083120388,0.9144309976674383,-0.7119059515002257,1.3665624412101987,-1.216055282304166,1.0971631083120372,0.945193571306271,0.4265436473556986,0.8468751124201574,0.5353231414876346,-1.1586836132341176,0.8686443769803697,1.0252017045557982,0.9995573898711348,0.6649268037041675,-0.10180214933906247,-0.5499235792020035,-0.41716361603451013,-0.2682023046501029,0.06668662203229694,-0.6236213376505628,-0.37425876541732167,-0.40420829828182336,-0.5363263425018753,-0.5887595565083913,-0.47853298955419826,-0.540345803102661,-0.5429695858417745,-0.6057759427296999,0.6678814782404726,1.4388112422822719,0.7522217031471766,0.5855767448513676,-0.3947259087262647,-0.15654907390862308,-0.6551756338275213,0.6091986451989233,-0.5561828519957703,-0.9859943883963173,-0.2765810034913352,-0.48322747267715777,0.22117174464669329,0.07173842379971111,-0.45036075384111585,-0.7402557872873293,-0.8341356567015968,-0.26038075293551693,-0.6740096753213514,-1.135057083241449,-0.02676496695774074,-0.4623916159321901,-0.05655007123004892,0.18432980621048436,0.5847367668031215,0.8121278955309209,-1.2925945637810037,-0.47546663142257156,0.045256373239104156,-0.6572808292222883,-0.45946564050109495,0.9604202695852457,1.0055166861547575,0.4411088932186399,-0.750472607034616,0.2855488567439789,0.6712372816211681,1.0668442370867413,-2.2162058265445803,0.468449586019193,0.52917466824169,1.1872339221425137,-1.2571680472128668,-1.581462433628604,-0.5378339659034421,-1.4158692112039708
3230,-0.3858731937076974,-0.4322432014750618,-0.3005505037782032,-0.4070624919428801,-1.2259473153300993,-1.212785782309038,-1.124405013289637,-1.1259049149424998,-0.6256784874516806,1.9625227391914064,-0.11268329471239455,0.09880008526900061,0.5218495257747238,-0.23745753344300274,1.199860078677205,-0.4185863440320345,-0.26512765356875495,0.601517269879914,-0.5911731204546087,1.1998600786772053,1.1924647469248686,0.3212809625470804,-0.5793028075021864,1.014755349092144,-1.0981583620079092,1.1924647469248688,0.12304826005026141,0.27059639845551337,0.30299325339098654,-0.09174943171697818,-0.9222341585200796,0.28983497190964486,0.7886026672607518,0.7818510775640373,0.608230875364334,-0.12046936453183049,-0.5994323345323657,-0.44248216150637926,-0.3189531641116664,0.009424907791758584,0.08024517713243859,0.3035718834997887,0.25579091141370436,-0.026207749965832694,-0.18129038326115895,-0.005553185372574445,-0.10267389959012976,-0.11245123445765494,-0.15993400667516713,-0.2204693741435528,0.9293968556940834,0.6036332191276711,0.7480362577306859,-0.2536557220783634,-0.2581304622101551,-0.6742207403493585,0.024620514807929424,-0.46370108004046523,-1.1507992011092467,-0.4426247784193468,-0.4641771121213822,0.2158904548863568,-0.05967676490532479,-0.502575371406078,-0.7128015282356538,-0.9244713022433125,0.617812256235585,-0.4705542782955953,-0.7310399896933581,-0.5845269899088675,-0.4735477790440566,-0.08518716865973067,-0.7532907485495596,1.0132053626147999,0.47737016625238743,-0.12082300006332856,0.244068130965027,-0.10923686652045698,-1.2656391739866444,-1.7456192965613007,0.5579318963014348,0.6063005392489123,0.518156001127254,-0.4166310464581274,0.04744913803392564,0.6698904880416057,1.1070192215779493,-2.229015817039857,0.48223395565409055,0.5444496827768374,1.2098121999555962,-1.247910751078092,-1.5677587840164775,-0.5256376418463029,-1.3659533551348495
3231,-0.576565025362745,-0.6559215930825798,-0.6065861041833489,-0.736792934408044,-1.312165418204222,-1.234896579269077,-1.2104271324960236,-1.2621381942362002,-0.6649795571105858,1.917298143220941,-0.1104546554924163,-0.47264910820284334,-0.27898223864449206,-0.685720716002592,0.602603163523411,-1.446441297435135,-0.34310296461708994,-0.42526206490764845,-0.5149999866888754,0.6026031635234108,1.022826171239777,-0.7002964523910059,-0.5571493618044128,0.18893701475966432,-0.9994349518607101,1.0228261712397753,-1.1605167840983415,-0.9207509565167975,-0.723935704677383,-0.7085166164859993,-0.34220880464930964,-0.6713019669566263,0.07304579655147306,0.12614245520043565,0.1819967097310246,-0.45133350774285946,-0.8827751835233367,-0.716180141294033,-0.6161508183624415,-0.3441304319222751,0.8650240707228906,0.9458720299813937,0.8805080207599391,0.47478204217189135,0.2138297148211599,0.483761073532327,0.3608468417744378,0.3308995468025559,0.3065255418490927,-1.1888123975898883,-0.21255048240642094,0.2290216102352505,0.30245686599881205,-0.47756725848650405,-0.6638209646819727,-0.8987655963893603,-1.1231288728921802,-0.40729435594069985,-1.2834983163500169,-0.6158139350595787,-0.478612078724789,0.21161689902940298,-0.6245662552155623,-0.8023896788981763,-0.7247071029680786,-1.075046177585842,-0.060143794415925954,-0.6895439002938833,-0.48213304988857525,-0.8626954857421665,-0.3575420202006556,-0.05216447472829169,-0.05422330562843292,0.7455736571678241,-0.07401006691205128,0.5194631083990692,0.36895826629626194,-0.23070450438507814,-0.9765764453980386,-0.7420352648470288,0.5863262502272912,0.6441421021250393,0.6307558776090504,-0.19573246380953116,-0.16934409242323514,0.6123866467040987,1.1797386960571503,-2.245996405628841,0.5183047375178284,0.5532561867975769,1.2325543291121253,-1.241893257069444,-1.5408470035714843,-0.5176897628220304,-1.3080944792320353
3232,-0.6327984304395498,-0.5014783332943497,-0.4975228038017932,-0.5687041897552805,-1.3198641504378978,-1.2791923928616236,-1.2832037333771744,-1.2552402057876255,-0.6022830824807325,1.8511411807849378,-0.14949385822985725,-0.1653579057734101,0.09253462858362475,-0.42925882173842733,0.49620073708333806,-0.25944829466182345,-0.31076612865294617,0.1955710446164874,-0.45299361433772123,0.4962007370833382,0.9910360956585968,-0.1620500335695623,-0.4891599851946194,0.5369171566132225,-0.9060683378756926,0.9910360956585956,0.41463420405319434,0.6350720616526178,-0.21894451259313513,0.29860438868648165,-0.020506279242081652,-0.15853542880111732,0.31012833874244206,0.37834169954400004,0.43740583245338166,-0.18429293370743524,-0.7209053440403003,-0.5241888158801157,-0.4515303521344394,-0.15129684511268263,-0.4685481879410334,-0.36672648227210636,-0.3469712787078287,-0.4429253796531595,-0.5865717812235294,-0.4234665658211392,-0.47206679447015826,-0.4996787363904714,-0.5469869198275521,0.6083112722403369,0.035891371510221544,0.5776856874399504,0.16226755069741255,-0.07077784399976603,-0.6361628782283103,-0.8290918176625993,0.9844019817668768,-0.3779157892971395,-1.3509388025118558,-0.8412968191223448,-0.5825405786554232,0.20738493157331667,-0.1781255010118781,-0.6477640706293712,-0.8371132120399996,-0.8033084675490273,-0.6213720919146921,-1.0281972183627577,-1.085050068995044,-0.5459301996653927,0.17563172698824364,0.2808787167362172,0.5679429301579934,0.6981270349319456,0.33716388722914065,-0.536753402064946,-0.19597544770168385,-0.4418633412641866,-0.8162003516040156,-0.9844146510444007,0.5443622264947375,0.5805369359055782,0.38543823380149633,0.04067720745487068,-0.3823220874258816,0.4658096381276541,1.3602382547022729,-2.243193489425057,0.5533500809777668,0.5421002239377237,1.2295516219306912,-1.2285642586095011,-1.516982219752385,-0.5149082894852313,-1.2564928514195022
3233,-0.6906710056889561,-0.8512201056754031,-0.9504517119621942,-1.012633431023785,-1.1929298659601242,-1.3217301760528357,-1.2703006736433524,-1.17889850533283,-0.8412845124269059,1.8887679394443802,-0.19361655326003066,-0.8287861786322788,-0.7372181845413054,-0.9849748013279417,-0.1309823103257589,-1.5130568249536551,-0.48871780537071674,-0.9723284817319024,-0.473129600776436,-0.13098231032575905,0.6650358505053363,-1.252277094215719,-0.5503489905633479,-0.43364801238077927,-0.8448440181210729,0.6650358505053346,-1.734741766457258,-1.442169871518043,-0.2275533383892917,-1.4431337851918669,0.7451703301204368,-1.2708967577635932,-0.6237958141455787,-0.4461326336551169,-0.20078455398948478,-0.6492700038889707,-1.0995856626882985,-0.918188424199833,-0.855595305476038,-0.6334470849714803,0.8823395664384102,0.8947504470787023,0.9824466418693314,0.6796098946991298,0.3112176364170422,0.5982756201586705,0.49894357665423655,0.4233375432481402,0.4100083996399564,-1.6193710897032276,-0.7437828111702576,0.09174072008210377,0.07696767235268764,-0.2487594112485372,-1.019863210738047,-0.7974057178526665,-2.0173899911308757,-0.36305552086106596,-1.4412860831405994,-0.8573967448355689,-0.7259888373384858,0.20314346338276196,-0.7780812847819333,-1.0528305652723646,-0.9935874225525665,-0.9148987236906315,-0.8510483668940787,-0.769105086760566,-1.1902181978485755,-1.04457675834461,0.23257837287581337,0.2520510358247159,0.7983110639055414,0.21898891573485757,0.6986044073869706,0.004711979119653858,0.48041135234921334,-0.5696901096276489,-0.6347500006928676,-0.20725448458754303,0.7764784605678784,0.8248605957635581,0.5169220847567055,0.2065001857980282,-0.5358838160223036,0.46193936630385374,1.4529829431044874,-2.2618928108153225,0.6183088066242123,0.5419132914777582,1.2257481989669186,-1.2522292437085378,-1.5033110110088617,-0.4997787275962394,-1.2102642820690657
3234,-0.9306672774422121,-0.8233934574634312,-0.9316827772131577,-0.6558620498295322,-1.2979090203394925,-1.155631660834724,-1.0615794029357764,-1.2013682746356464,-0.978567794796743,1.8915721515203237,0.07832074105081814,-0.2185725217745601,-0.02481259513230325,-0.46003283179321797,0.0755948438711969,0.49835580648859484,-0.42929899020457185,0.3429571648291277,-0.4661639391358076,0.07559484387119632,0.6658653978623724,-0.007997521075690543,-0.4963624649400401,0.42611812756519857,-0.7844165284432909,0.6658653978623721,0.06285891577979882,0.10978353895407444,-0.9321723066049419,1.271052182911817,0.8170760865837643,0.061381430222026634,-0.019348852691880684,0.15177247417026535,0.30194610440960123,-0.14261543763378817,-0.7623251622070643,-0.5615231959179992,-0.5155853883506843,-0.23582025266441095,0.2130666651483645,0.4067604689781857,0.5474063578813476,0.41857525662018935,0.09693743112152946,0.34802959893228513,0.2630293878739272,0.2044726710173918,0.188414524571526,1.3144057612562574,-0.48099461853174763,0.6894991853795664,0.355814302829719,0.29538686990883983,-0.8340244226572178,-0.7673820116142203,1.4023981056019692,-0.366990520632204,-1.448721956479189,-0.8837155386824496,-0.734957951829398,0.19889216248516328,-0.1150834749275159,-0.7243995844114588,-0.9995162095748285,-0.3390122550705266,-0.04260299235732405,-1.0121886804999425,-1.1660715997717668,-0.8936631177836595,0.7317313829751332,0.21542447395262235,0.008166488653299454,1.1310253337612375,0.3929398915566955,-0.14394551993634802,0.14721812633381667,-0.4837646959250247,-0.17628980049959142,-0.4979909148845335,0.9583632190098741,0.9614276926046392,-0.026995730814213793,0.481557135647732,-0.7400304985151721,0.4978150180447171,1.438160865165329,-2.257287299550605,0.661926418079939,0.5514873411454075,1.1553975568871242,-1.247659446011544,-1.4875274089274637,-0.47320115378107197,-1.1773762378184258
3235,-0.7052820400000279,-0.7272346202591679,-0.5481004417800817,-0.622764312542558,-1.2942770653073066,-1.3644036023932016,-1.3643180513228974,-1.24541925037923,-1.1251133157916684,1.8840472409196218,-0.030655573372451884,-0.1685099595989832,0.030481541940425322,-0.41512689467578134,0.213855210305867,0.3337064251421527,-0.3687699543178011,0.3441628450306533,-0.4406067923742,0.2138552103058671,0.6709598599243759,0.013082422452528147,-0.43942824719474666,0.44270674642898766,-0.7239954490635281,0.6709598599243757,1.484602841503608,0.3946386587524447,0.8708575094236116,0.38393369465203214,-1.2672164267883235,0.30567683046612587,-0.032316537147174834,0.1369124306540804,0.30424860296510464,-0.023130433344122618,-0.7172191341536375,-0.5134427381914025,-0.478256644275952,-0.19553787745694945,-3.3539478736290816e-05,0.2076087623687269,0.3343007497009123,0.3439911765713742,0.03876246157798386,0.24653936013413505,0.20177085022021665,0.1276068761111624,0.10519330203618826,0.11352418492699601,-0.3420410710730185,0.42525436066582173,0.31250379536534456,0.524064770093307,-0.7862331731018718,-0.7423868865133292,0.12629810073007514,-0.37789309805793236,-1.426310390132236,-0.9599496404497599,-0.8213400035212188,0.1946306915383679,0.07518949765481787,-0.692623083181689,-1.0928064203239227,-0.17724472032922625,-0.3234440320955919,-0.6291522672210677,-1.1269364815814076,-1.1970279922644942,0.5941762294495674,0.18278094041161555,0.32257365389183884,0.4741042618963513,0.754505816954884,0.25340533854347064,0.7152060052200017,-0.5427607023882542,-0.008803842579836062,-0.4648984370720212,1.1181906149712648,1.1097116187693832,-0.17298293584733382,0.5793618347601552,-0.8275152630340677,0.5041588764055486,1.6398711043468566,-2.246493866351611,0.7036797289932902,0.5694117871110109,1.0544705683273634,-1.244573286625392,-1.4716665529974866,-0.44725738459185865,-1.1497738301654765
3236,-0.4596213327268743,-0.4802612538883315,-0.7355819498761921,-0.7050874293394486,-1.2138348026860253,-1.3190669402621533,-1.3366520510594695,-1.3262042842048813,-1.023816404889357,1.8047600129752843,0.16208778538128019,-0.30165196119323967,-0.14142961190996195,-0.5229945901830187,0.16393879530137276,-0.12095151979438484,-0.36226245127794743,0.044879829725184964,-0.4212449847507,0.16393879530137223,0.6044798427322011,-0.25311502536376385,-0.412343987474591,0.21770990605479057,-0.6699129844667719,0.6044798427322002,-0.7227958415658026,1.0205022256158869,0.9376951846565148,-1.0890355607896116,1.8527599488738131,0.02112939110735193,-0.18142968873386706,-0.1062553279273619,0.15094339716175978,-0.04252494701373565,-0.7747917466749874,-0.5705880745692626,-0.5512202802638188,-0.28259464004595874,2.2887274872963186,2.5795651368941757,2.583999078276566,2.6177536750927533,2.026290565644186,2.468761797575494,2.3340107077254295,2.238929749224701,2.2771105881913543,-0.3075211541157479,0.030981971143005757,-0.13122731217662906,0.22100572347955516,0.30914649544422074,-0.8489050482720834,-0.6980528680854055,0.051474338676081116,-0.3647327222279548,-1.4045931320314256,-1.160354485462855,-0.858497612032594,0.19035870764192467,-0.019973141408955942,-0.7668097158524142,-1.1308943608676865,-0.40880374654556995,-0.5245796704141802,-0.9091286135657981,-1.1565467958476707,-1.0256550940386189,0.5090977384274745,0.15594848370143555,0.5104428738748775,0.6432791323062865,0.4821249034108131,0.011525577030580453,0.3340681499568892,-0.4602848261305953,-0.4847072129909758,-1.0297524767662272,0.9994653536195739,1.0090528222370154,0.05334078605347714,0.5658928207941271,-0.8046904628049911,0.6080003506426578,1.5536323590009529,-2.236210302803381,0.7432087360662143,0.5841706458582918,0.9497079178563825,-1.2501209755111091,-1.46481537445801,-0.42679928114329646,-1.1191617461352914
3237,-0.6164809514944515,-0.786994203872564,-1.1916787069383254,-1.351725867266343,-0.9988818798143619,-1.2559656575544031,-1.097918001906458,-1.1141282476737908,-1.1263718020192397,1.8241356164014397,0.6560683474911315,-1.1433108241732042,-1.1091321532997087,-1.2689926777405185,-0.6444764799665229,-1.9404803887931703,-0.6559142671327274,-1.5838810701550714,-0.5104044390493683,-0.6444764799665235,0.14143546536505858,-1.7503384020254704,-0.5664983478563965,-1.1050503444511517,-0.659563973111122,0.14143546536505752,-1.7746859022923296,-1.2660904916540356,-0.6039820603610603,-3.240432418159246,2.986554656139978,-1.565205869814168,-1.3593480412983407,-1.2650524064237754,-0.7839213681126741,-0.8028181059574394,-1.328446863300058,-1.1586117541074605,-1.1461118935156047,-0.9955629835195007,-0.8204377929429988,-0.26850095166465443,-0.2513384274411509,-0.007041085091303872,-0.06383952622679694,0.011394584596473644,-0.016039156957016323,-0.04774285260890665,-0.08195192610107573,-2.358094782968326,-1.2180094500652598,-0.8604163383537906,-0.2748231424319797,-0.5289005570610438,-1.579087389075667,-0.8708224157197807,-2.7361816088918403,-0.4056783904007031,-1.3763302649084999,-1.1462609035454385,-0.9629345078152892,0.15538788606462298,-1.068570573233791,-1.346235027814748,-1.2200227520369178,-0.5848296648430429,-0.8377912416201228,-0.8388320051976892,-1.1753618858416965,-1.2265669721029138,0.5721737313788966,0.10316559986313537,0.8228012164816942,0.314578454951852,0.58942208206172,0.21305198746051582,0.5793245742961165,-0.4670053235899779,-0.43891743168663616,-0.37779279294979035,1.090025777256125,1.117412267783933,0.2656985314118578,0.12398862188592774,-0.7729989004547498,0.11868152057869033,1.287523211460502,-2.261028772680893,0.7968455605356098,0.5860242686858743,0.8407307090160823,-1.2898369317349638,-1.466801760324141,-0.4072295444673677,-1.089190938081136
3238,-1.4091859635384654,-1.2810382869987293,-1.2491293641051613,-1.1371718270114004,-1.270660165166482,-1.054235101811479,-1.0553478556501446,-1.1727187671230235,-1.212886153846622,1.8927236931040523,0.4910673663909605,-0.7757913574338616,-0.674644303479335,-0.9537966256894329,-0.6162763761782505,0.06821866600303676,-0.7300479561812215,-0.3916178004033949,-0.5961376165086503,-0.6162763761782517,-0.00763113872060066,-0.5636864560187455,-0.6229904202932857,-0.3899725734649942,-0.6634373943715348,-0.0076311387206005905,-0.24689990710254617,-2.0631518183219084,-3.0100998591616706,1.2624080274496716,-0.17532348402412543,-0.796674442764726,-0.8009136675503035,-0.786902125175279,-0.46286539070676497,-0.46788095973932925,-1.1026658775904654,-0.9203944094508072,-0.9382385312864899,-0.7499570576593519,-1.044632453028373,-0.6323911977807712,-0.5445826412706408,-0.32061618107315354,-0.3294337503287252,-0.28682228409071475,-0.3099322550093643,-0.3260570188108931,-0.3686827094420512,0.7878415312137962,-0.22122420304546092,-0.6960420729950845,-0.055635077581887855,-0.047831026089601894,-1.4872998143040252,-0.8528079505301983,0.45631061998979927,-0.4282909247403998,-1.3592202769050012,-1.1075859932699188,-1.047525237546629,0.09405798687017469,-0.5460132372079947,-1.1179518468063672,-1.266525588734349,0.7088029425042586,0.7331235938522125,0.2683427592362051,-0.7104520772057522,-0.4009596211916984,1.5411345702695736,0.3444411526481645,-0.6988166237222035,0.2689660408245788,1.2112610360788953,-0.29726828972932323,0.6088887983699379,-0.43790830881949,0.7750126699712027,-0.5917913278750051,1.272628562707498,1.1991121771955884,-0.9630709653746488,-0.1713835911463244,-0.825475882522958,-0.3325233275877407,0.8367295058015405,-2.282819957228836,0.8812266592219848,0.6043509046483927,0.75518755768642,-1.3174397795552562,-1.46143174720819,-0.38084350312047727,-1.0916975977444994
3239,-1.0953290779797253,-1.1614595522326554,-1.143619339236031,-1.239028430430391,-1.1490371973718538,-1.260834102626634,-1.2420379143158413,-1.6453850480385193,-1.178057317116161,1.943857305009906,0.18373562051207892,-0.9020372902415742,-0.8176479727751158,-1.0671387581948841,-0.6199743278834831,-0.009047580062528378,-0.8130812360915824,-0.4391879039368544,-0.6826646591628457,-0.6199743278834842,-0.1502387080042045,-0.5392446891881117,-0.6901576080322602,-0.46527732544460937,-0.6810338482191848,-0.15023870800420422,0.4045475329449128,0.49079234139411415,1.2179201891314335,-0.6425207105540791,-0.07837178488636996,-0.7579425362443206,-0.8348560374247754,-0.883895099465232,-0.6076255982901925,-0.5475750048701219,-1.1685319863136236,-0.9880797417276456,-1.0261360563963342,-0.8563269413063593,-1.8921234999376741,-1.5166607244761434,-1.3988487341636464,-1.139231585145713,-1.0791324125822777,-1.0736040116855505,-1.0584165201949678,-1.0614623872509237,-1.121344106794141,-0.3961523712077685,-0.9226623492453299,-1.007605773753955,0.0003245058471936917,-0.19804829410158115,-1.3614013945089054,-0.9049790156090464,-0.7605820467838275,-0.4957292768852151,-1.343123665332268,-1.1330630595792532,-1.065982605131118,0.08994064108199439,-0.7127287970920494,-1.2123647514914917,-1.284031260278085,0.528204563890352,-0.4622933589376847,0.03294686333433014,-0.9798551004716048,-0.9918704190280787,1.590002320890768,0.3756948506076039,0.5460337226567392,-0.4051970204871513,1.3030226745428177,0.09985483834283174,1.0274002382771874,-0.6351165622685374,0.4749078094714353,-0.8215965642561582,1.2239651580779154,1.1665657196240338,-0.7702159547580479,-0.3522594518288134,-1.0823909245379921,-0.5000368384898735,0.7901355891612684,-2.2930280058100707,0.9326352687937411,0.6294515030728778,0.6833751894985813,-1.3491405405963055,-1.4484860742811532,-0.3573874334160146,-1.0920985216192594
3240,-1.2033106014427417,-1.3771490338029309,-1.3544536928712996,-1.3691512504448786,-1.1302181027882106,-1.1716663960924132,-1.0356221950077757,-1.052570074861214,-0.9837746241620919,1.9988918052845213,-0.13170847488741233,-1.0607321839992156,-0.9965589379140949,-1.2102851563756396,-0.6692192560638174,-0.11853214791027,-0.9140667788393196,-0.5374832024567119,-0.77600119446957,-0.6692192560638193,-0.2997708151500137,-0.5657657525507026,-0.7732983335600128,-0.5798169789980959,-0.7131085625527808,-0.299770815150015,-0.8620564630876251,-0.9380276868136721,-0.43609524467413424,-0.753069391853521,-0.1088762027540959,-0.7087921662634242,-0.9160307419868344,-1.0065190002667068,-0.781476161836461,-0.6716340659124411,-1.2594737180747557,-1.0845576387350204,-1.142098343880839,-0.9951601591459074,-0.9229646528363982,-0.7784321190697442,-0.6824272284241248,-0.4751881085773903,-0.4890908811657758,-0.47345927243284414,-0.48331239238108253,-0.49951198559057924,-0.5495287619537634,-0.5106449628006978,-1.175328593506521,-1.0911768219551041,-0.38420649031603255,-0.3912151081676187,-1.431383004949099,-0.9195310409229696,-0.9112312916879505,-0.5629700919700624,-1.3070588271902985,-1.0695505455648984,-1.1367277293068465,-0.021356841931954,-0.8575132317323925,-1.2791897930620832,-1.277062085808322,0.30017388936280126,0.27569417894938664,0.5641611957014345,-1.0332210855491737,-0.8860630237740517,1.4459798164505602,0.4675720906671455,-0.25919651361263574,-0.4375422740586854,1.956293737099573,-0.09305657811803604,1.349795859903884,-0.6870649126147037,0.08704829480501479,-1.2210211202756847,1.0115750541073365,0.9705520568595839,-0.5617481354509786,-0.8716660550461202,-0.7756761672473803,-0.7586119892899573,0.6515092896650488,-2.2980231401809545,0.9990729071862465,0.6746247323112189,0.6387654424591739,-1.3894461271152556,-1.4295242232290113,-0.33414740831244494,-1.0905041709626262
3241,-1.3491799242750304,-1.4416027410106067,-1.4471280941837188,-1.6127092468912523,-0.9665987696212361,-1.1810285218716223,-1.1052737635512349,-1.0347016395577215,-1.0293558227041222,1.989913091736316,-0.14663707686239089,-1.3351148190339648,-1.2944335891042136,-1.465505535277412,-0.8697516208838942,-0.48204740569578586,-1.0794440518903352,-0.8897374230642418,-0.8964760843523805,-0.8697516208838957,-0.5190272442635475,-0.8302747184321853,-0.9009744681351006,-0.9018219393123209,-0.7664322041704624,-0.519027244263548,-0.40423954341816953,-0.308526707449484,-0.5947118988482466,-1.2213045558771443,0.1033383042319851,-0.9372850075868683,-1.2574476778127452,-1.2843874188009106,-1.1132015775805393,-0.9410438126448585,-1.4516282072011824,-1.2928328366733943,-1.3603292888584242,-1.2652251954485374,1.4612245639131913,0.458123825714495,0.44356857065337973,0.6398164442850831,0.5126577984179627,0.560350906305281,0.4900301617167715,0.481367533466356,0.46004373458819176,-0.9577745900883258,-1.4368485694631201,-1.0254662277938922,-1.007317366173283,-0.6312809241388694,-1.6290108308124616,-0.9499627984576837,-1.0570452193281972,-0.7000577329524794,-1.2420778341332364,-0.9726568208395426,-1.194809669134944,-0.11543347861021136,-1.2421581208183639,-1.4629710747255456,-1.2702903766948912,0.11972088129895025,0.7609655546147913,0.7409663904773603,-0.497693439613495,-0.5583163621638836,1.5069254420697584,0.5184911311081615,-0.7921210493497887,-0.25788459827902055,1.452132744000465,0.11201002660622107,1.1671797917182576,-0.6354611532636529,0.17123550917339161,-0.503715359494149,1.0440617054509864,1.0202189817017266,-0.35825894186372714,-1.3841476229268468,-0.4011001291096238,-1.2649408723719229,0.565453900375201,-2.307613567349688,1.0751982379896894,0.7104543825002,0.5936030022247029,-1.4431054497417202,-1.4102727922280587,-0.3054240353000144,-1.0866296717495418
3242,-1.6072017568879962,-1.743134026338101,-1.8776696388780914,-1.905821671095303,-0.4806655215662791,-0.960065593285365,-0.5838492173246502,-0.8642280053372995,-0.9555484774068103,1.9773646267477245,-0.03395359471470585,-1.6255878785590059,-1.5882657975022763,-1.7499378663602727,-1.166525314010784,-0.7183349745552144,-1.3078641958324264,-1.2333192165018394,-1.057344123654533,-1.1665253140107863,-0.8036444086893587,-1.0777518220412026,-1.0778251554628178,-1.2531065796513394,-0.8475281034750777,-0.8036444086893596,-1.8049634342090872,-1.3525703684081354,-1.0585894204581001,-1.4234505893711453,1.135354248597564,-1.5710364095089782,-1.6179913282478897,-1.6284040480853836,-1.514050142545543,-1.2864972390229918,-1.6887587540200346,-1.5502404969379666,-1.6293033080349126,-1.5913761064729675,2.2492061634126896,1.2625360749031116,1.3253814580128125,1.5124727691537434,1.412056185329463,1.493229796432012,1.3678004261970094,1.3840083924399083,1.3861728613764912,-1.1827586105610621,-0.9497107378818893,-1.53795484665949,-1.3039933814977978,-0.7923929590744635,-1.8276620236759082,-1.1209599347389405,-1.2829986196258054,-0.9178770507284201,-1.1454432768748801,-0.7404889081470236,-1.4631074727719002,-0.5063809936843454,-1.4194161508593317,-1.5510165809818277,-1.2735884442057752,0.13773582725590172,1.2578042946390684,0.6340099309673888,0.6303530300420861,-0.10517098277714935,1.7718299072588921,0.5848782603863312,-1.3155531498069954,0.2622697443915781,-0.11868670714499459,0.8530166031476402,0.6198829773571788,-0.5626888853574108,0.06317783399114867,-0.4819814681789198,0.9710861410605989,0.956040355464274,-0.2480513652167763,-1.739943378805903,-0.1366180019409887,-1.3640903481800786,0.7639319136931114,-2.3074396187324795,1.159291462727348,0.7811354600524433,0.5746526726201279,-1.502328350153932,-1.3877108740754034,-0.2902941701180831,-1.0859418733754687
3243,-1.8642570016218136,-1.8608822832835115,-1.763415418576037,-1.7499287066155333,-0.5773681068699409,-0.4663679749175709,-0.5347484727620783,-0.5023282741577774,-0.7864287615085584,2.097946735396896,-0.11362614224314421,-1.337520195187384,-1.2312888899621997,-1.511468627829257,-0.9038826710275809,0.628668081301323,-1.3557897289979477,-0.26741956640407943,-1.1817105252256397,-0.9038826710275822,-0.8259730742926967,-0.08759841654747867,-1.161818899597413,-0.5923498881780838,-0.9310087275560367,-0.8259730742926986,0.4294177935468845,-0.5802547904054878,-1.09105683670308,0.5424097243361974,-0.6644806423682296,-0.6507774516851863,-1.1463581005699894,-1.1834545463533912,-1.2364107881817326,-1.0478254404074225,-1.5086866264327685,-1.364932508912108,-1.4726744338258972,-1.4162030050046388,0.2769598571961376,0.025650961961326574,0.08850607629269062,0.271769152343756,0.3211558583289251,0.3433328119805156,0.27640458413040964,0.32696790170147866,0.2991849915251053,0.568705918216322,-1.0347500130516516,-0.9052383884052365,-1.2180781909063745,-0.6474938443548878,-1.8651083334655074,-1.0964919236658373,-0.08303236428060554,-1.0606434334351849,-1.0984685658025666,-0.5268431336161641,-1.451296489067981,-0.50914638950329,-1.1444942363103272,-1.4085198369794254,-1.262934552903179,0.28736573067928944,0.5370308004012997,1.5674936678798084,1.2238829767781982,0.23470833201387326,2.076377708168595,0.849555571522131,-0.5370317451170127,-1.401420365967212,0.14652070165810813,1.1200301790019378,1.0333552926046756,-0.7014811161464248,0.10598056118408228,-0.7846873518923677,0.811914650373306,0.7829584048421707,-0.4069178171548394,-2.0139511355084214,0.06214269631777965,-1.0973750226706944,0.9869090508100571,-2.3203922276854274,1.233971400915464,0.8630017474931179,0.5257378440676208,-1.5548027973851433,-1.3624382158878527,-0.2737600057354003,-1.08741024034821
3244,-1.6645878996057792,-1.3372340578587678,-1.5110884717665092,-1.2295880212699157,-0.541807517286057,-0.5786496484684786,-0.5924351045355845,-0.456920003126585,-0.7482307046097556,1.9481697643500528,-0.4463696346247398,-0.43865723856677236,-0.1824321284068673,-0.7391614245611448,0.022035442975067928,2.215251017237431,-1.1123000822403635,1.3094754123024743,-1.179044850202725,0.02203544297506618,-0.44363358393502583,1.4423273673670733,-1.0652336670908331,0.6992798843152649,-0.9773041013134203,-0.44363358393502494,1.0361648990541295,2.3088686001096823,0.7866748548587902,2.0743552588431613,1.3935372971140156,1.1285701013169278,0.08870815615558283,-0.07109873254509048,-0.43685365606750687,-0.3415227345057291,-0.992592868689049,-0.8106681307495461,-0.9811864150245972,-0.829527958274359,0.35258677935105015,0.4873318947823823,0.47529526692324703,0.6661476996965817,0.7723517342963335,0.813626638115783,0.693117845010591,0.8588315774260411,0.7836584671227071,2.017361641871766,-0.04393071297818985,-0.6932201096941194,-0.8817394288155104,-0.019229415952271123,-1.506229604354241,-1.017917393096594,2.93002568098825,-1.081518081204922,-1.09199475421554,-0.618336434845263,-1.4389110930301803,-0.5119234478573343,-0.13954155356706102,-0.9125644776809695,-1.25259041046064,0.07102106344002355,0.5800987006070654,0.48433527567000967,1.0860156257836329,0.04037384770587795,2.184032624056028,0.8771178161926063,-0.6059214515135898,-0.10480667762600206,-0.8716912679690129,1.202577711992175,0.3520286224444334,-0.7824170841441422,0.03746038658561469,-0.4316827547844182,0.7576391170416877,0.745115204594137,-0.2043235012764029,-2.1449718339823587,0.22013343965266538,-0.9514573797986945,1.0589557543608654,-2.3097838469539864,1.2891778742557445,0.9130661156405091,0.47665283797553115,-1.5693575977060144,-1.3293566361692661,-0.25631515316426684,-1.0920695152337867
3245,-1.070471464753266,-1.0596202815592872,-0.9481715916531488,-1.0320049471797543,-0.547771822511391,-0.42275137624955267,-0.5401441743910879,-0.4529522323630325,-0.966182451948137,2.0022653853503747,-0.4689546114507575,-0.15126394016765907,0.1268387271258416,-0.4759279802548239,0.7026534350145409,1.622307087377288,-0.8441412139979906,1.437984808952314,-1.0831590100619788,0.7026534350145405,-0.032570927115169034,1.5446068323858648,-0.920744829963077,1.0371053920195779,-0.9832932376989759,-0.0325709271151703,2.3052511284365655,1.1924095256289424,2.4060519467383292,0.17835756991132706,-0.7762158445198355,1.5731932497775867,0.6036013048568271,0.31871522794548685,-0.130011222414096,-0.08503527293059994,-0.7773832259444964,-0.5896220071426532,-0.7985853243369954,-0.6063097606470245,-1.5601352014837926,-1.1826467888047585,-1.12803616170508,-0.9016839698869926,-0.7449949515074131,-0.7638924455580516,-0.7890284458355683,-0.6896827988273229,-0.7722782766296046,0.7386591729890487,0.486447732035675,-0.5063843362191719,-0.6391044413769676,-0.07047657627180731,-1.402572583324086,-0.8503634078232002,0.45790344559741,-1.0791249635190892,-1.0859486742215398,-0.8236652347892348,-1.5203474152055447,-0.5144679621851455,0.38951438343924877,-0.7238735298053457,-1.3520997579499558,0.726952068320283,-0.6216147845938319,0.060427775141932066,0.46081962715482644,-0.8640126103136161,1.7647215250024268,0.7911092048675007,0.7359439294703802,-0.5618143506186302,-0.5285141073342278,1.6052986051120923,0.9323255303166104,-0.9710944140025982,0.9187170774248621,0.1872514969243639,1.0244870944919704,0.9654206234323363,-0.7914561716412927,-2.207159554918124,0.2604405813705294,-1.0356002363478067,1.231997832749038,-2.2939656838677256,1.3562853355360656,0.9621864710903265,0.4091101793076718,-1.5829961363829377,-1.3014483618416246,-0.2477677637526432,-1.102701765447273
3246,-1.0337249157216168,-0.8511944949488623,-0.9579271003058922,-0.7052119562369686,0.24436876531404134,-0.08643512405599893,0.07516379487364808,0.06667900550865842,-0.6476839415775995,2.0172580516030187,-0.3266468133706115,0.2919910513102114,0.5866560018656733,-0.058059561284584386,1.3402968218824878,1.5242168342691507,-0.5016817998220795,1.8202661240063993,-0.8992474627809934,1.3402968218824878,0.45867066359849185,1.833597632909537,-0.7021845059368912,1.5523161425639773,-0.9408932830020715,0.45867066359849157,-0.04844556744187249,0.8805370981307588,0.13363824927060766,1.5128953111401708,0.8315450850155027,2.044244963039028,1.3086702577809988,0.9651863141345625,0.3849697124809719,0.34263364767414645,-0.4422124549793888,-0.2448018689966076,-0.49706172582653046,-0.23801519370146754,-0.9277638660096125,-0.5013277384627158,-0.6719553975914669,-0.4974088306503868,-0.3600920156339367,-0.37471808940356055,-0.4092931250226526,-0.30447954856808923,-0.39704958272391905,1.219739225103584,1.430748626794895,-0.04654805694989475,-0.01742263645726987,-0.13318282691513483,-1.2173396288153535,-0.7624204595327798,1.1868336838432292,-1.0455612596299526,-1.0621375196424558,-0.9746619520788999,-1.5543045775259403,-0.5170222332522121,1.105810704455907,-0.4082419467919677,-1.3973371987464076,0.5266077878993098,-0.7912925191549819,-0.26891328069297465,3.7828956418776666e-05,-0.9694869104524676,1.5493462169242533,0.5664022688792386,0.8934932650144245,-0.3138901022634321,-0.29521450429119506,1.2044629702915124,0.7743028425503707,-0.8015099647915945,0.17434323696987516,-0.6217708507990606,0.689536216036601,0.6602234896981634,-0.40687902060508907,-2.2092207366104284,0.2916277070404751,-0.5519123830845001,1.283956372507129,-2.2533641678362124,1.3475171831859876,1.0168414860503336,0.403270360333037,-1.580199448784905,-1.276056148242043,-0.255548802074066,-1.0986658502164417
3247,-0.676957840996359,-0.4237606044458833,-0.809509169646286,-0.4039056735288356,0.4255747328428679,0.34053705152137964,0.41607632616070184,0.4296680562003431,-0.6136660909128588,2.080899927393231,-0.5736782504003881,0.6556116107721075,0.943176324826659,0.30038561601511465,1.8262051734853721,1.1834748691283847,-0.1297120193773252,1.954699704559885,-0.6464067384431839,1.8262051734853735,0.9555885843850931,1.8494640293611007,-0.43468074545464314,1.8775479078006154,-0.84916607104848,0.9555885843850916,0.5875336927345913,1.789189062606353,1.3985031527678258,1.226650886631516,2.8111276653107717,2.010631877878314,1.7438491717117997,1.5133090241475757,0.8374185291835851,0.7378934278990587,-0.13210983401514176,0.07984131379215768,-0.2221384834759228,0.10241426653886924,0.6738871832256635,0.6594653760141843,0.3800809036214184,0.4707327764690004,0.5979746779897301,0.6169356320919702,0.5388664483911086,0.6726149059475954,0.5752233120425092,1.1050479861369058,2.433558118935437,1.0469991976432063,0.11696175752175363,0.13769086486867313,-1.059278114329671,-0.7369554295283449,0.7955237213684132,-1.03714029775702,-1.0144986295108929,-0.9640585070714903,-1.4103071633212276,-0.5195863538081771,1.471592724251265,-0.11494915404988823,-1.2345796017416206,0.5523972904310815,0.4916169736317922,-0.8990525079534623,-0.9794097946853301,-0.896889728927361,1.2814657457115817,0.4199637637736402,-0.4598956702297054,1.425984249267303,0.275749082498212,-0.01873801342595087,0.18865191078307633,-0.6511794947082846,0.49824566296156547,0.21998905132299557,0.6571009036316036,0.6296735724961994,-0.38289249380194984,-1.8802014952157144,0.17111662290958463,-0.3151099636115649,1.3173668227410757,-2.202367294783817,1.314190928546669,1.0323058794474973,0.3900053785352784,-1.5577024469859522,-1.243562311512647,-0.26537900592318375,-1.0909375118051805
3248,-0.3668556493586364,-0.07223761784139127,-0.20847519404125203,-0.01126788163684912,0.9711614503691643,0.5373403231269603,0.8916430179633235,0.5901944826650503,0.0040809989387418175,1.862079674818498,-0.6649328196947416,1.0705051546149142,1.3261924251930977,0.7300732421633941,2.270308310488631,1.1144796716980223,0.29927116418784133,2.2207261604976987,-0.32748540492718864,2.2703083104886326,1.480242549547923,1.9618649171791003,-0.10445938956263959,2.2794956271659523,-0.7044441585887703,1.4802425495479228,2.3536516251850332,1.43566078387459,1.1874723227306294,1.5572235862018193,0.9482683654674978,2.102287772307089,2.310659372244891,2.1424115396612082,1.399000908279888,1.2206447504116977,0.24990144963420552,0.4979859834770972,0.1354065689790726,0.5453136231430669,0.20594883919337917,0.1585150795910476,0.2182257769877675,0.08932274117862535,0.24492294994211813,0.2846200688843962,0.20187581933915205,0.3430353891970097,0.2385691655248399,1.4096879768316721,2.777771117012575,1.2478848362377308,0.9366723265218573,0.4344566840936338,-0.3822885843633088,-0.6958654506318122,2.6363529125775043,-1.0656861474037862,-0.9379005809989478,-0.8524410210440077,-1.2229305348640036,-0.5207949441975827,1.9248769825443337,0.2690801597607349,-1.0192942854081084,0.5165657736294234,2.383746659012343,-0.1552232388598234,-1.1429117698121176,-1.172578602845874,1.0357855825973565,0.3732075885845011,-2.4625493301086,2.060607253813259,1.2996898764507872,0.13701989151946706,1.0746493911801247,-0.6985269086533094,-0.1137517996670898,-0.8072988227471251,0.03364722176360029,0.01666826832523388,-0.20894903151843036,-1.5999251914783263,-0.020519317258216496,0.3796513247257785,1.2934432592060863,-2.129806966939986,1.2687828496885576,1.0755020305479603,0.5578938856592464,-1.512943123295462,-1.2046254319690326,-0.25555642906817566,-1.0644994805247148
3249,-0.118632916962254,0.07678073050283757,-0.056981390769069974,-0.23333089792386003,1.0611046465909095,1.0456196674555926,1.0116903898958518,1.1060106805490344,0.6956538712041428,1.734861093362617,-0.5078275281748831,0.7295620000251295,0.8962128148202849,0.45058393775050126,1.8983813692044855,-0.883238670945885,0.46035983610764,0.823015284807428,-0.05817434779436377,1.898381369204487,1.6041743837402451,0.4892636740858184,0.09333684565954244,1.3557928151855478,-0.545928172422812,1.6041743837402445,0.5679750353304219,0.5908708600547795,0.9311807992416754,-0.4983824150215509,0.9095507960476779,0.7739647105924133,1.640666591490548,1.545105752874534,1.0565310087387452,0.8913938307976313,0.05010899203840155,0.295767831641565,-0.08327396775128103,0.29276069145311595,0.9428009734740291,0.4814913243270469,0.6988408065220422,0.48968436157344863,0.686993341206586,0.7604916605360459,0.6294411489669743,0.824824372974941,0.7245364694029509,-0.7887020078791444,1.5420156254488597,1.1201154750908,0.36946463566374727,0.0688487054951627,-0.4115629132604407,-0.9637762890589674,-0.20398974584108256,-1.0680371457919235,-0.9036386985714213,-0.7107953768240467,-1.1268488166220092,-0.5200845672401615,1.3462326138554694,0.054755576311827155,-0.9098201806643221,0.658394788320117,3.1749407091347797,0.2213486954377145,-0.4305850001768444,-1.2237873254706315,0.21957730005912884,0.32674823311550555,-3.2797642765949298,2.282996582225187,0.7945885500820664,1.026107077546341,1.4287893869750905,-0.6801457138246684,0.009292487523603397,-0.7745963175588334,-0.65100859018159,-0.68082114158263,-0.31225279974869075,-1.488110305832188,-0.06561613374758418,0.7020260781409537,1.3412434790297243,-2.0840182338989894,1.2421356784509525,1.1532388235083448,0.6667512749575508,-1.4754840361919317,-1.145806480679584,-0.2194416588969438,-1.0303929114418857
3250,-0.08817670724072872,-0.22978017006341883,-0.22091794878112841,-0.3591156286538099,1.1479982811483105,1.0434766246943536,1.029364020658861,1.1560178803220058,0.9722227792670528,1.620605280031006,-0.32268741210274016,0.5446650127134384,0.6639376487919727,0.297771064886889,1.3481604713696727,-1.3410599990073617,0.49738588895626246,0.1701701959361321,0.1347070416025333,1.3481604713696738,1.5338456210713174,-0.24795594594083828,0.21383767054689895,0.8156777381801522,-0.39302692553025415,1.5338456210713178,-0.6185200875146125,-1.2173259223646375,0.10816067924118976,-1.1586731933189771,-0.0534782244751284,-0.03856503017530194,1.1814019577505952,1.1959150462146473,0.8712779871153528,0.7043131149955069,-0.0568258575307266,0.19915514040463128,-0.209722636388649,0.15011431174912576,-0.43787504727278775,-0.47475243284592766,-0.274194459114902,-0.3009976113210511,-0.11923356947564637,-0.051672341607636466,-0.16023049563960326,0.00032514739219850476,-0.08388649302076204,-0.4437651813535097,1.0413525479853618,1.1446648855287174,0.22043007132041567,0.012028833903395725,-0.4624063358847571,-1.0944056707288954,0.11600264111280456,-1.0604750714275175,-0.8946641491919081,-0.6607165371847412,-1.1181601834900396,-0.5182270667227941,1.102986327241138,-0.06601889159797021,-0.9029913295253985,0.5488461831744434,1.2259309489314598,0.015093845067942889,-1.1326361554065647,-1.1483770944632423,0.03883316716511836,0.7046838943719081,-1.2356453551131843,0.9623693558998495,1.4693552570074087,0.12160720426408497,1.1857833770919668,-0.9994723112326187,0.3017502269645782,0.2360769889484594,-0.9371347387778809,-0.9587698061781624,-0.19155570277830178,-1.4482208206180545,-0.11146545541600598,0.851296275885404,1.3450031738630472,-2.0506901943808185,1.228395677081038,1.211680182378102,0.7806991463850422,-1.4420419195462497,-1.0716066941110585,-0.17544080857820377,-1.0075826182605434
3251,-0.2920731822261687,-0.40196406918243904,-0.4675678645118148,-0.28983473077587957,0.9888918209778312,1.035488521547202,1.030299654876013,0.9310548152394856,0.19830415424192166,1.748255412081674,-0.24752680728521384,0.6318338058819499,0.7556613368716663,0.3810074673926869,1.0164171768959853,-0.8120272524546657,0.5501428740229177,0.24155367262496813,0.28214300633913136,1.0164171768959862,1.4639125645002038,-0.2570623192061744,0.32937918372313724,0.7685269608965676,-0.2456606944918259,1.463912564500204,-0.9170640693246992,-0.6804173324236188,-0.7521865089943461,0.015540894377471923,0.4686304605144081,-0.08400419097186268,1.054111915691902,1.1848606625535247,0.9524791528581146,0.7774194633824153,0.025068843814828313,0.30354307021163207,-0.15335583645937068,0.2287687530403889,-1.1675839350205934,-1.0120081525978248,-0.9461305562112661,-0.8100848812670486,-0.6525782444598295,-0.617873382339121,-0.692893474358561,-0.5581252016981503,-0.6431242940834218,0.248765838129705,0.6362174014952067,1.5464713532294843,0.3716841730119038,0.37432506840745244,-0.5352908699418586,-1.1334731170800585,-0.48269225061992754,-1.0453031579789853,-0.9025100902540151,-0.7252704552067838,-1.0815247127764638,-0.5159781162399328,1.1839397390336854,0.0038736986622399557,-0.8625770452416534,0.33076268192802194,0.1539029059711839,0.04021612436754912,-1.1751618437876592,-1.0667159486133548,0.06748471447457355,0.9719313800635883,-0.1276581681589326,0.07693364452979849,1.549519916849221,-0.030148024118703078,1.1230028624124182,-1.211578808821706,0.9344727454317765,2.1330469541822032,-0.17516847524410414,-0.17938209532605687,-0.03782453036211525,-1.3246798662838641,-0.05035144849365036,0.8935055928738447,1.3063555224525505,-2.003882178632356,1.2078234571420612,1.2353394593908154,0.8668696187700474,-1.3993335740861326,-1.0051656690624695,-0.15749947415951351,-0.9913276898275623
3252,-0.43084777329434737,-0.5178482814512805,-0.5414251703659029,-0.6915173220793828,1.0442173404741641,0.9337133695982405,0.9135333634984213,1.0653572742539883,0.105079317864941,1.7090568056394393,-0.3401446666343674,0.05398414119853604,0.04513137550772477,-0.10228126147908093,0.26644944534130793,-1.8029670210646618,0.38445086586827804,-0.8690656098593508,0.3235275417790886,0.2664494453413085,1.1116705681493682,-1.3302155653182055,0.3039720780066487,-0.19331106810020288,-0.13284383826308843,1.1116705681493688,-0.26387408027856285,-0.4498634763324118,-0.5038796404794287,-1.0924874191257252,0.17905946367927972,-1.1273398914843153,0.0013109606868711614,0.34543055109203497,0.36878706593084126,0.23257544613860878,-0.3358487485826411,-0.06895126650969041,-0.5356998876947311,-0.2236975516652774,-0.8380919515953617,-0.7773456741138135,-0.8720516506793237,-0.7472844916224446,-0.5914755317216193,-0.5483633495840361,-0.6362813537541753,-0.4896887708507579,-0.5811965430127528,-1.3817799136645068,-0.41267438797694456,1.4789579471212677,0.6443250937824181,-0.13051758683379658,-0.8771691882125185,-1.2416160283498876,-1.3189301383071306,-1.0282202405318868,-0.9420947986195017,-0.8176869218634231,-1.001614880158189,-0.5136944497716762,0.29926086071542957,-0.38575176614841455,-0.7700427650208287,0.06127342201260598,-0.5267087183868261,0.7473330480420196,-1.1506460377010532,-1.2237037686847443,0.16863155696884546,1.0928267951803468,0.5630310211992995,-1.2497009401320587,2.2575317311267216,0.19928584633442914,1.8471311453128012,-1.3718466003468257,0.1479642772932594,0.9049012255802016,-0.10114056314156154,-0.08386878352827622,0.21834621507198446,-1.226089074275818,-0.058837801634017736,0.9546721326852233,1.204241898885021,-1.9652807351717343,1.1862566099873153,1.24631729229052,0.9290733178442048,-1.3747178243857059,-0.9305997330346887,-0.1407390849586024,-0.9779357131181217
3253,-0.7386764272522486,-0.6498961240823734,-0.6866769512818677,-0.8016432357820003,1.365295047518807,1.0268789890742558,1.2105014123942308,0.9835693063945159,1.6808348519989595,1.3828676384616592,-0.1592280488139946,-0.0869155892461714,-0.12197944918116203,-0.2237663813311667,-0.21458725912574433,-1.1474663264992635,0.22418857293099306,-0.8233959786092125,0.2959116417280878,-0.21458725912574422,0.7773884152923222,-1.2622503715011149,0.252395908055701,-0.36669085779012295,-0.053254178245466195,0.7773884152923226,-0.5208258588132022,-0.4995165212231653,-1.1118649889740986,-0.23444617423269282,0.281420979935546,-0.9640479596483295,-0.4040565455295048,0.028327282685095215,0.20281732143729864,0.08534075796467015,-0.4154948827854922,-0.13659451158694688,-0.6409371744566809,-0.3440610879631995,-0.5691539574362291,-0.6439320873165586,-0.7580408237223764,-0.6739455739175312,-0.5538875883338689,-0.5094502271057371,-0.5876976697815751,-0.43742256682198244,-0.541398628991326,-0.35939013336874376,-1.1349361890532657,1.1804938997786083,0.3326190162497083,0.18505756264815187,-0.9280035466217229,-1.3840300958563927,1.4054758199533193,-1.0254348480038367,-0.9499700504622733,-0.9650250734615572,-0.8300355132948424,-0.5103297254684939,-0.171176801126669,-0.4899091632234215,-0.5663597474195234,0.3582752078676825,-0.45589139852826066,0.6515495603391773,-0.8974423994491759,-0.872133696124923,0.6180315982980243,1.2801132910950104,0.5199736344108997,-1.082620154637204,1.8195727406195799,0.05419517401516386,1.4099420216873881,-1.4168605286178466,-1.0569712233224768,-2.4018885040625135,-1.6635353410093798,-1.671128147285509,0.03758794522548604,-1.1572687789048246,-0.0510268535702831,0.9719152151970836,1.1484710677721206,-1.9266964438621221,1.1662897351327377,1.3218009891337636,1.0938695250606951,-1.3485429416620758,-0.849434955228788,-0.0890204168599098,-0.9479393732603322
3254,-0.8548014869314707,-0.07889549787428847,-0.6701383152628365,-0.1280331722044376,1.3780161601916523,1.2995438206974153,1.2917543370837168,1.2498538666572256,1.8598960709908239,1.303760620899149,-0.28772819765442237,0.7423091604559446,0.8029685042975547,0.5529014253675192,0.373180371788973,1.3926984706120797,0.4486288277238667,1.079273884443966,0.35511937028509855,0.3731803717889734,0.9289859774225439,0.562044373927475,0.4063496100876615,0.9846261516881456,0.04356479344337808,0.9289859774225442,0.08920589755087285,2.2314864251110746,-0.3990321221723148,3.055217454305672,3.858469260695029,0.9941690684010278,0.6895932855276528,0.9673998680822767,1.1756122101216189,0.9342914606757337,0.25097940134416297,0.6044376610371721,-0.014064182460827255,0.42257569272195944,0.31453930050643,-0.12184504735430103,-0.26340417997296345,-0.357833066566185,-0.27837882722073376,-0.20789696863547225,-0.30289356624680724,-0.12331467005349947,-0.2454054404226347,2.3244578090397736,0.14790171227645446,1.2902752239572743,1.098974749538864,0.4547138495857857,-0.518264343186844,-1.2166067441473025,2.924829005175094,-1.0334911401072862,-0.9066249144735964,-0.9207016094752908,-0.8245399100672812,-0.5065470992881944,1.070634968437983,0.16689695555201994,-0.5603682422376794,0.13466394704055334,0.6654697332753959,0.11482568392741517,-1.1433193559796613,-1.1461145345498065,0.7666851922614725,1.5263625427290728,-0.6893459167070017,0.39444760786501126,1.5545627265415811,0.11477519288785513,1.261683089591329,-1.715045696812382,-0.0025291558373430325,0.5992784716888062,-1.859763812671743,-1.852260874530188,0.24255906884626516,-1.2616275976531757,-0.025450069049174434,1.0094999886017981,1.009975064102404,-1.8842913917670343,1.12723260094916,1.3192990881170952,1.2313306239929271,-1.2995023592016002,-0.773248750916221,-0.029794676440130057,-0.9244290872574011
3255,0.0795859737631104,0.1355136691617354,0.20564742377124173,0.14906791079154325,1.34235579521065,1.2834321622294167,1.3792226604210074,1.4280794159491834,0.8722120359251783,1.4360933817678951,-0.5248949309603812,1.013622949724946,1.075321467786662,0.830093874639474,0.8631274036334083,1.175452473176958,0.7206002524431946,1.2877683415076067,0.48961664425993,0.8631274036334096,1.1326595681952492,0.7717304992407319,0.6060815749797756,1.2552174681871537,0.1642898814185324,1.1326595681952496,3.138126518849125,0.7849004100724173,3.3384632920686617,0.2607786646274233,-0.45721678043356523,1.4852430386132798,0.9693839080624116,1.1438430385507472,1.5166579870736572,1.2404727208350386,0.5276210575299246,0.9255301356861609,0.23308582834695057,0.7336386404750748,0.7711619361634409,0.12584574763686393,0.09703242815453723,-0.08884464821117623,-0.04062059158534873,0.05609001476599233,-0.04373345924677719,0.14197934894520456,0.009921564763130794,0.9018153353059073,0.7218706988484808,1.345657422143422,1.5081363966144257,0.6634891685546226,-0.2866944101496685,-0.8795553172774407,0.1977560325499415,-1.0548215343655554,-0.7889680167816854,-0.8247851313497279,-0.7749561623573198,-0.5027725810518624,1.4789151096151416,0.4340990783754692,-0.5013128059634571,1.0865227941787952,-0.6548194216209547,0.2702886070725009,-0.20511478003279496,-1.1911011807707008,0.3277394682075532,1.36600296571789,0.8077148357437716,-0.8148017305050436,0.5380140721183988,1.26907484434606,1.4247125404115715,-1.582225723035451,1.7368558544881312,2.55029395106062,-0.7984068949204727,-0.8538570374113803,-0.6211169767253287,-1.3956833446983745,-0.12419124123098617,1.0405322305219231,1.0649155670353885,-1.834874950698945,1.0736839274239038,1.3350507066349782,1.5867439133360632,-1.2466334112914979,-0.6990262710206011,0.02960446243015992,-0.8551621960913542
3256,0.08414531257813705,-0.04532701778219743,-0.5077952083431895,-0.38763192523826906,1.6122825351163785,1.113629865520462,1.5580551039783086,1.2757012950880289,0.9657538830010846,1.4338342693990056,-0.6193509812565827,0.3055171932253431,0.2497815063167391,0.21539361787883274,0.33972365704768687,-1.260958231276376,0.6240284457996735,-0.49714471645809505,0.5474596166608445,0.3397236570476874,0.8898487321628636,-0.9163281472823414,0.6051869547675993,-0.048420545551742106,0.26196810795744513,0.8898487321628639,-2.4078218118700114,-0.6712222897027836,0.003693674731272408,-1.840913642725868,2.908135520912444,-0.012152965250887573,-0.11218847674345418,0.07456570374654314,0.7152737421735499,0.5387693253618616,0.026953647068278647,0.4097790803446672,-0.2751493507856389,0.1315762409041719,0.3756999492166417,-0.019516496322862245,0.09621262759238443,-0.045629808034537034,-0.10500503351059683,-0.03756793743048549,-0.10344837908465009,0.06438212823687234,-0.06625128170070908,-1.7214886055903544,-0.1312755612145938,0.38052520690166663,1.2749501954419553,0.28236134897833537,-0.5124549440818997,-1.007405495255626,-1.8515319502903105,-1.0472275056066604,-0.7729586486128952,-1.00076746598876,-0.7379429430797465,-0.4990060082693897,0.4470061668345055,-0.08275138439929879,-0.4567945093131753,0.9137023806340182,-0.5693160305427098,0.37392483788564645,0.5433894644939021,-1.0077332586246088,-0.029273392214855143,0.9016763892903489,0.6990114384135904,-0.8631849601127205,-0.2894927422509236,1.8969081407989359,1.3165246264679729,-1.1213550533931615,0.7945643213766366,0.8962851117604722,-0.9051596181844853,-0.9427703921520545,-0.39414223660141096,-1.401261405696647,-0.21424850289529712,1.0616665754964638,1.0821068914717842,-1.8038158609999426,1.0454651914550475,1.363978778355851,1.9353778149463228,-1.2116949328437256,-0.6451488223744369,0.06784427952903395,-0.8083661418568052
3257,-0.975611085423,-0.6777617734341105,-0.8809749716772917,-0.6619199128930793,1.9718120926638447,1.5580122720225333,1.7918577921939445,1.720503972893567,1.4674696396362925,1.3565277063168697,-0.7684396126255435,-0.009665014908357066,-0.09825065293537875,-0.07069093504565883,-0.24598383283036376,-1.4043122168786608,0.42088687205357705,-0.9947859492540078,0.515921659759718,-0.24598383283036385,0.5328641327636462,-1.357955964313634,0.5199002849335006,-0.5786632116813238,0.32314369528748904,0.5328641327636467,-1.2779389632832614,-2.2914351055848123,-3.4563554124127633,1.3015890083767523,1.349551115341369,-0.8287095331925994,-0.5771279336930812,-0.4572911637844364,0.270108696634761,0.19313109093771852,-0.21846035606151656,0.1498952086175392,-0.5346960651666589,-0.1730427766433863,2.0921748647557283,1.986516784437367,1.8944582987530212,1.6425325739845869,1.467940960296364,1.6740389616654137,1.6179931130526466,1.793441522742048,1.629371259586685,-0.8867962919021914,0.07790025057976724,-0.2488564306146537,1.3564450806645507,0.6718598614474356,-0.649352382328079,-1.087886542540616,-0.5344335374169789,-1.041942776958149,-0.7814545040378794,-1.1115687771256537,-0.7940090478825764,-0.5365677116745434,0.04057073624367277,-0.3209834812160224,-0.4877925405010033,1.3618473215070106,-0.744201280800875,-0.9339090463946017,0.1432141211158721,-1.1843506522808707,0.15770208484179604,0.9887979899336664,0.9313722810329399,0.451504106436024,-1.150991138553774,1.6530649075837904,0.48075727107215,-1.2576832743589874,0.8964889327221838,0.3773970557614103,-1.3780824246859487,-1.4429311354023944,-0.7019449516022708,-1.36026243475948,-0.21859196425037256,1.0851442403779228,1.1624548237816832,-1.7780375409017095,1.0275626185328133,1.4233611666583872,2.4140245864711734,-1.1914505412230014,-0.5761108020317535,0.14276328286578255,-0.7117188574886059
3258,-0.5644785551427558,-0.5731082047750881,-0.49406898041117986,-0.6444884013808028,1.9598511158762082,1.8397038014198266,1.8113034477124372,1.8561037710273407,0.8351064702623882,1.5482750466671398,-0.913773059225646,0.008164445993798928,-0.07962085443615506,-0.05210762446845694,-0.4549717541314293,-0.49748645881663145,0.29548536774640616,-0.6098270083682638,0.45080068050272826,-0.45497175413142915,0.2879991363625624,-0.9327423653568907,0.45326468022398675,-0.44859698593982306,0.3586883540099744,0.2879991363625624,1.3567898884441545,0.4000252511441844,1.409301139105146,-0.29725096424921704,-0.44418855353269426,-0.8740282112982012,-0.4185285703601414,-0.43798981571339735,0.26047157818984223,0.22562430125236976,-0.18319701577363284,0.19838152782631863,-0.5171721151149025,-0.1505003784979162,0.07265954530261795,0.43421461985572807,0.3387916019646792,0.32907751816089037,0.2767883741262695,0.41465040058346186,0.41554662609443593,0.5460300178725006,0.4114922543023017,0.06727108451278059,0.26002343570133607,-0.6584652514864547,1.2121374325318277,0.485388949818282,-0.6143878109945036,-1.131149266149001,-1.0398952081652355,-1.0357972096889945,-0.7819664139535897,-1.2446224192517052,-0.7955623168493899,-0.8192294912954167,0.07052546544316833,-0.1285795092246981,-0.23553560795726486,1.234097750671233,-0.887826759559215,-0.6753317525025956,0.27799682093836625,-0.9966217268843304,0.36401187945291147,1.1231490755411613,1.0688715909631168,0.05006910095739582,-1.0481437725762732,1.5668174834983573,0.4926133415606056,-1.302569235854049,1.6428026670987752,2.4142389696621476,-0.7511099365827245,-0.8030180696710828,-0.5894818845697832,-1.3336442379794915,-0.26431227749810793,1.069717490410328,1.172605504719152,-1.752289445534126,1.0085787774917983,1.461409395414417,2.79840371749607,-1.1718011186035446,-0.4965144870758632,0.1806422579415626,-0.6188344756892538
3259,-0.9466198944747669,-0.8830110449383928,-1.336229816606588,-1.4433573366928536,2.4834046265293206,1.8645746614172605,2.468163598412063,1.9495019556512914,1.8629645766929963,1.355070674520257,-1.460004750863492,-0.7854128527002044,-0.9119017720230354,-0.8075333994588892,-1.352202996402677,-2.1322023396268865,-0.16936207743029819,-2.186417757969392,0.24384633373118145,-1.3522029964026774,-0.328545513818931,-2.3222794757145953,0.16731414547529594,-1.8009581573305973,0.3262485259021539,-0.32854551381893077,-2.782322833003072,-1.1104215065024459,-1.2421430555449249,-1.924147825621889,2.9291936880681737,-2.3689250736932492,-1.6579340456911447,-1.6276062175738422,-0.8470236204201066,-0.7315988718102115,-0.9180097835916886,-0.5958626119570831,-1.2532731035051041,-1.0411822987344461,1.7200125941016329,2.6060821755822174,2.4263974512478,2.1271716042173563,2.0711050445359183,2.449402882987204,2.3894536201990726,2.6530464159665157,2.5016623840133123,-2.53474119847113,-1.7668814650516709,-1.209517755358532,-0.08491486976751969,-0.0993059504044025,-1.286300031085771,-1.5129335350897632,-1.6823656628033146,-1.0538361779195666,-0.7693335173926241,-1.1577424420156475,-0.9266375594266028,-1.3549506015055135,-1.1349644253980453,-0.5691339525380082,0.10554000617092428,0.8954811334525185,-0.9143777253114664,-0.014894279375873093,0.02736356201071328,-1.1372355972711665,0.37011888825152167,1.2130190135350762,1.0601184460915318,-0.7076282539826455,-0.04958636933664084,1.4539508126319,1.151703208242314,-1.4270434345554786,0.020398210043676982,-0.2874305062666211,-1.8110207695938634,-1.832404022394671,-0.13656672682053897,-1.241312686249841,0.42474906716645594,1.0907772941709892,1.1429691455322886,-1.7042355235542475,1.023223762516617,1.5561564327271784,3.150508808143277,-1.1700350659646077,-0.3859855680362652,0.271568113785918,-0.5217179515743863
3260,-1.522753273091594,-1.4936730432473686,-1.610804372779389,-1.6760272012044557,2.9544561216432186,2.4150292168222225,3.0891469002871164,2.5775727799156374,3.965654567412766,1.1067073003280667,-2.197993524427955,-0.97614472319493,-1.095228509063724,-1.0014967932961167,-1.7865561829160013,-1.0502357884059526,-0.5699013392521156,-1.851020103121388,-0.036797656529326865,-1.7865561829160022,-0.8278090111661053,-1.8703142101055477,-0.12690584995380014,-1.8120539550901387,0.23659285915927683,-0.8278090111661054,-0.9238954172188723,-2.202311485133441,-1.8836923345612118,-0.5684032684662831,0.9036603760387618,-1.993630282141686,-1.8346909117325871,-1.7722144818542065,-1.1489043671574828,-0.9650783227214755,-1.114239967137031,-0.8035344330490842,-1.4597828881700934,-1.293009203174971,0.8747541434174634,1.8928187947540236,1.8764414811551358,1.697996767587094,1.754189899939987,2.1553683494132274,2.099028837749653,2.3750757789568047,2.273842919331827,-0.7489597301707147,-2.3898978442913767,-1.3009946035027902,-0.4896895070996415,-0.166795320667025,-1.1362324092780745,-1.551822197710067,0.5947697047316736,-1.1371769164666625,-0.7408046864168355,-1.020193906702924,-1.0060170226948064,-1.3763221186920656,-1.4228697198556237,-0.7775882658693447,0.04625141922883291,2.159582443293282,1.7320369058982727,1.0037931960861564,-0.8236709782464181,-0.8280929533817534,1.1964991187389273,1.7428828742988396,-1.5972723480632003,0.26497121646018973,2.0552913194942772,0.09860275485786166,1.6214946988302974,-1.7564234411905615,0.48545669398709174,-1.7049909385492727,-3.8481749880130716,-3.95295153221871,-1.15608312739163,-0.8699881470706385,1.264947073503574,1.0632412191513503,1.404376891676569,-1.6482531038491,1.0906819385736812,1.575764437763544,3.7132443337290826,-1.158144181687334,-0.23616024784978581,0.4423670922367378,-0.27765485275112267
3261,-2.1025201223883014,-1.9934031623451218,-2.214997331417972,-2.171518190953631,3.7768736091652273,2.7053604529780877,3.683536588990844,2.8612736332662227,8.921725762526174,0.7178226312708771,-2.1999445103043547,-1.349982068450848,-1.4414559563810279,-1.3939173905243953,-2.241941261762739,-1.122500616353193,-1.051447902764631,-2.2069353610447022,-0.39684785223580404,-2.2419412617627406,-1.3741435531450141,-2.0450397277272043,-0.5036033849840569,-2.276703040853523,0.08214792815283856,-1.3741435531450144,-2.10423568234641,-1.8618735892676515,-1.9522157793551833,-0.23249295012945173,1.6936812726777224,-2.4144553317597492,-2.4023415701565534,-2.3321815525377203,-1.8081793769396985,-1.533261531584385,-1.5683777187380312,-1.2876403863683872,-1.9106111057288335,-1.8416795533809263,0.09502171070861212,1.0672188636404585,1.2808870692136964,1.2061759359851412,1.2956202817924838,1.7127430639939598,1.6122900048017068,1.87957113223857,1.8118828393713693,-1.6619087642287387,-2.3517029972332226,-1.8599385680135034,-1.2527013468984491,-0.3640100408785294,-1.305261144667036,-1.6321575499310232,0.445459434453336,-1.3123894734613222,-0.6663353215930012,-0.7818001337020105,-1.2837843543385197,-1.8253807168489737,-1.9038928980153598,-0.9900170253516094,0.1569888730208083,1.9083045322556909,3.015684656005167,1.218378553284001,-0.22252409634697765,-0.6927922707504024,1.1625321627361829,1.8807582849715498,-2.982808287946274,1.0900272705443255,1.5288245676548282,0.614933328888739,1.6441432357159023,-1.820410432998665,-2.1304319242975507,-6.1857845159624345,-8.899517692530182,-8.952100219263668,-0.6839056422504525,-0.25846555367967805,1.925455226534756,0.8207026712230165,1.5616741323307648,-1.5034487714574052,1.2010105337771773,1.2887376044667407,4.055624996490373,-1.141461272261855,-0.07952468581902199,0.5910668878598,0.004379875428081578
3262,-1.9917101412770517,-2.084055224363027,-2.0574018094665227,-2.083959060571449,2.7056134441733333,3.7127967591604,3.4220173807266843,2.8669337470868075,4.63743212496329,0.8394000207964488,-1.772065307065967,-1.243156172647059,-1.3138632202011118,-1.2985755421938332,-2.016153198549229,0.5147727873469432,-1.292403988140277,-1.1075647319703674,-0.7255396870776486,-2.0161531985492314,-1.594952853322596,-0.8401136421527284,-0.7701471481077561,-1.5922261507237356,-0.10156711202797514,-1.5949528533225965,0.556139164065585,-0.3527650664001052,0.38696784585728006,-0.35395631405849665,0.08867143756497495,-1.3836204562872443,-2.000060510917002,-1.955015086226278,-1.6839689970660625,-1.3630493460121365,-1.451475984065228,-1.1687317030215387,-1.8158759969016907,-1.738362974431649,-1.1953133209763773,-0.6193775207346969,-0.4244477234061936,-0.25500758402458956,-0.20370145774698742,0.036435565034661464,0.002267071861968903,0.15576289537408466,0.09720894952513603,0.2827785721110737,-1.8852465888339731,-1.3720339987739771,-1.451788303418096,0.015719260578938733,-1.4991000204379212,-1.6046289121845323,-0.40788730368497217,-1.439560687889811,-0.6127220815268618,-0.5606891114509849,-1.2819939589450366,-1.805199412563117,-1.7640048710447565,-0.91272258616675,0.16942587796042854,2.1897735336816337,3.07296927324864,2.274043712545955,1.1765294650164624,-0.38059504090527196,1.3564647541881483,2.004636982941713,-3.017608920488902,-0.020777957975334018,0.9110476115999313,1.809909969487227,2.1396061518281626,-1.8114873317337705,3.7619902560166896,5.259495577039273,-4.56686643026156,-4.64077862424809,-1.2521059799212795,0.03806722466815771,2.208201897777028,0.881341151136475,1.5822028360896518,-1.3585188210578971,1.2549277000606949,1.4122325111605878,4.231951805138732,-1.1265733217208171,0.07366246858626678,0.7224205410356719,0.22598077246145062
3263,-1.8356099563799944,-1.8181425107774325,-1.8657721114270096,-2.078113487169851,2.5809791483967457,2.7655496694232364,2.4811221206733034,2.508405966122712,4.480167183545706,0.7363447050729311,-1.4437418870535377,-1.2364613704336935,-1.3063396436013557,-1.2921185682778986,-1.6038497315846338,0.9771030203137578,-1.4130111493365338,-0.5576011728602684,-0.9897486610888251,-1.6038497315846358,-1.6367808279762035,-0.17887180418823848,-0.9675936459679461,-1.1679943181784653,-0.2942200790802794,-1.636780827976204,0.684355124596545,1.0328090457405463,0.5359069309386076,-0.9575187661610507,0.5369911256015317,-0.5393525949856971,-1.7555412870980878,-1.6934380225789913,-1.6528999732813772,-1.307387018606089,-1.406134686069797,-1.13458737877424,-1.7947112170300987,-1.7235610994099169,-1.525854476263944,-1.0436067135252607,-0.8761082479401149,-0.6379995793440287,-0.5709095639407861,-0.4065772387280324,-0.41007612943788646,-0.2913301874004059,-0.3487249723295499,0.032248244846704036,-1.884724893703883,-1.2544266371326072,-1.780732005539593,-0.12189929379172998,-1.6303930939192524,-1.742428383697329,0.6491434798220191,-1.5245006009594921,-0.5713455175074752,-0.4489221045828108,-1.2808396323285458,-1.7854734511207204,-1.7532704840030968,-0.9117092817381958,0.18243018359206523,1.787599737103211,2.307293013353908,1.4193169927975788,1.5872683488982875,-0.8371006586305361,1.6232284774846095,1.9857129144474102,-2.252388964951122,0.3214783104015775,-0.4865742101674201,2.8082428026351414,1.9307278732864968,-1.9582816206591829,1.6735266477115405,1.5907454911935968,-4.438136934002669,-4.4848304748588825,-0.9165445288720568,0.30260533912077986,2.416731963366489,0.9211175308007236,1.5846798894520235,-1.180465929491955,1.290318118777157,1.5224664067872775,4.257862971184009,-1.1039071210447018,0.21582732922228443,0.8483152485182042,0.40707058798155904
3264,-2.0027538291732716,-1.9898756889603437,-1.8258137380862391,-1.887542268381194,2.303367207225815,2.580386915370482,2.371581795785719,2.5205659183052282,3.0187956329538688,1.0149904939182317,-1.325505718408758,-0.9573379744738019,-0.9509404390485764,-1.0556814246660726,-0.9687012731788711,1.5277430097041704,-1.367160008139035,0.2080187618376817,-1.1505224743568612,-0.9687012731788722,-1.4618104580074283,0.6409456653791672,-1.053569520147333,-0.500168703396383,-0.469662610630559,-1.461810458007429,0.15149507665420756,-0.6391777775538493,-0.5660060933744725,0.5373603503102686,-0.7982014075833648,0.28851304246806786,-1.0835523697009668,-1.2087269918031132,-1.3449528445144272,-1.0111916680961575,-1.1794346861496732,-0.9133138601406561,-1.6003825453700902,-1.5034436942237097,-0.5229558434118499,-0.4328851431283975,-0.2526736630891651,0.03483514765233797,0.04375438063124294,0.28780587046153655,0.27269422243946817,0.43055954401520175,0.37280298878485457,0.6638456344903114,-0.60170450420549,-1.713008666252971,-1.4120359586723945,-0.45881322117689427,-1.5451890759508196,-1.6518608592025206,-0.9262473211074649,-1.5148829715334589,-0.5666589186846223,-0.34525393058039716,-1.3389097531017242,-1.7661841430615421,-1.344485387450904,-0.7217150420732918,0.11771117821607996,1.4135471785312534,2.217805350967215,1.1622384317685086,2.2209429195576447,-0.7298650184359425,1.8263277697196836,2.1465669197194193,-2.198033259593059,0.5497354105023641,-1.5565713219814743,3.336949837913512,1.619929546349391,-2.052679266502827,2.1997278714332222,3.2571403200284283,-2.9816866538162854,-3.01286765850092,-0.6482402310364488,0.518399896243808,2.713126713505118,0.9273969561082578,1.5666834896483728,-1.074190803866573,1.311018172585312,1.6033312417172216,4.221623909110046,-1.088743148359613,0.3595995163545718,0.9444514056501954,0.538992027579709
3265,-1.8959462199663746,-2.095951101073278,-1.9958958120774415,-2.064069144529776,2.0387631035727765,2.205728592220872,2.175028470301563,2.2292688381322034,1.8466917529931555,1.0659294738674645,-1.5436922850953143,-1.1079654240919266,-1.1149860846954216,-1.2006296344706142,-0.6951551931742593,0.6598186378633599,-1.3903939551417563,-0.10528421711224532,-1.2664621567705634,-0.6951551931742603,-1.3528092233524054,0.3957722938284456,-1.1564757177469043,-0.5998337879703427,-0.63481555543875,-1.352809223352406,-0.5520627922463727,-0.3646950074490136,0.394398154523017,-0.6176836375299769,-0.39585074473376447,0.028397675407017077,-0.9877470543241169,-1.3168460514720202,-1.5043799087839826,-1.1602269393686542,-1.3043559186377085,-1.0766489599927875,-1.7445454856142377,-1.6916863076905795,-0.6385814619915414,-0.8594570253908528,-0.7286404674934281,-0.43521821344641043,-0.36905476723100183,-0.20206642779764714,-0.18150374162035215,-0.06182376025882586,-0.11491685802281737,-0.5530771321775216,-0.5215611167970957,-2.1025983694518504,-1.4365310367228181,-0.7889200765052,-1.7370294733959293,-1.831957454744868,-0.8921474521645937,-1.569886656632123,-0.5368848025580474,-0.2121435363536075,-1.508712147589168,-1.7473138486017301,-1.4086435666389727,-0.8998104326730445,-0.09150099753901979,1.1343440725666643,0.2902848973594537,2.002645560868278,1.5603929331347455,-0.21630813701009705,1.7663828626428388,2.0540867513390078,-0.1883995446890443,-2.0311309434379496,0.15838820957260383,1.9770177620800715,1.7555043723462216,-1.7954406183200033,1.9131504770937333,3.017771609507416,-1.8103238191007915,-1.8326030750587115,-0.4630350329583855,0.7600669155549983,2.9571032248256963,0.930979289338912,1.5519545405885602,-0.9608867335839792,1.3443823432431166,1.650833654642158,4.167837133927495,-1.0681568925472236,0.5377610594439022,1.0005255135567261,0.6426281707272491
3266,-2.0029223056074144,-2.136296742334052,-1.9652122214259826,-2.1178558926345277,1.960874469715777,1.90923229925115,1.9194073086406276,2.037943449496335,1.9398627558913855,1.0580350397384868,-1.6677212995870645,-1.1515051036538688,-1.163018671316952,-1.2421293450178486,-0.48006293418102314,0.5198195960964317,-1.3986160997503134,-0.035481286147917276,-1.3469394959992633,-0.4800629341810239,-1.2227196954067838,0.48000441643713887,-1.2358982246860837,-0.46072543042679664,-0.7863643583826703,-1.2227196954067843,0.15699927309971035,-0.10292280907692333,-0.3194779489077086,-0.41340656107129137,-0.8487437820422398,-0.14807876862061306,-0.7588953914670626,-1.1216233713524841,-1.472091358164308,-1.159055287542234,-1.3088248959901783,-1.1064048005826064,-1.7708284756114656,-1.742344524658021,0.25791032616244086,-0.5678963427764557,-0.4388070956552888,-0.14605365082052169,-0.010801892654976051,0.11932270938499585,0.14658669045917608,0.2818338752044093,0.23106866004132998,-0.1490003362426707,0.1103723483510898,-1.6501383506097063,-1.5276042799134253,-1.1273562183901218,-1.7540537323198777,-1.829173353477414,-0.11048330767060173,-1.7073064767416464,-0.4930994625693422,-0.08812383205689098,-1.5079125183166224,-1.728845902628312,-1.496506294405857,-0.9556403618221172,-0.08132250618176992,0.9104605764127754,-0.1594081407813616,2.7699749426443177,1.5930606518631032,0.3700116460570495,1.9697675915063604,2.2442349175841,0.2638981446840705,-3.2508640073833,0.9614399253220915,1.3175929330844658,1.7853145941853243,-1.750927467320086,0.767271477874689,1.0298001153885763,-1.9175966087577085,-1.92829737475041,-0.27357302655841914,0.8339232603340486,2.983333530002648,0.95333115916464,1.5009154548661057,-0.8388546676501019,1.3719051318948066,1.6953161966291335,4.1015858939070595,-1.0491178201000644,0.70915690988871,1.0574746121469814,0.7276202281056091
3267,-1.9378713334541573,-1.8829903892432795,-1.8410463992376436,-1.788001893774864,1.6788936010197004,1.9035281159403514,1.696593018903659,1.8278566041042366,1.0712324610793331,1.262917838689433,-1.8793839325677306,-0.63723661497386,-0.49838394169983097,-0.8156852753039936,0.08102638270271459,1.3529969524257819,-1.216306076981459,0.844096508754062,-1.3353669600684344,0.08102638270271363,-0.8788190607917536,1.2945244758222494,-1.1847971472826857,0.31631724078565204,-0.8975634587593917,-0.8788190607917545,0.4757062866113339,0.9954903804026841,0.2611856523518428,0.6600822998167978,-0.09180203413815369,0.6440184328814811,0.07331971281394059,-0.28812884031310554,-0.9233085713590866,-0.7217417139656935,-0.931986793614816,-0.7279814107027441,-1.4391129294488287,-1.3649944020028815,0.23377259227010808,-0.45836785646645917,-0.4400935286681093,-0.11940929149284811,-0.0056449963009584,0.12325340452812768,0.15581387201089392,0.29794169286434796,0.24228434807725494,1.1414895858780705,0.46722980078773213,-1.0659931964450637,-0.8893808501437124,-1.1113246953650286,-1.663270898073616,-1.7035625497010172,0.05912790818923167,-1.7985671762662705,-0.48371614071991986,-0.0762098238079167,-1.6074192919371069,-1.7107645461446659,-0.7989727026222521,-0.6164802506234618,-0.20132224581811922,0.6150159694786835,-0.802207305074537,1.9754783783666483,1.7696714157232045,0.9894466423691303,2.023674180895908,2.259496328163416,0.9120475504668127,-2.849740352386858,-0.10938267651761412,0.7796969953141898,0.5642979719011049,-1.5520347148317075,1.3161840760018781,2.553341578548013,-1.0531197898548803,-1.0548091643725406,-0.07713518919517935,0.8600853046630788,2.967185922364053,0.9859808338331666,1.5699558189128089,-0.7475640416141206,1.3963012087908482,1.7126498383635966,4.028407517976948,-1.0290097514437728,0.8557501738095956,1.089678124782271,0.7885189396352797
3268,-1.808356695602852,-1.683205064635677,-1.7045198765259146,-1.7492307452911777,1.4346537634094214,1.6239669093673121,1.4950407015690383,1.5239849975985833,0.4285309958819056,1.3015679054360059,-1.9865345096592042,-0.569605542745326,-0.41530652662031814,-0.7576772833890616,0.41659498196199435,0.8085076286431694,-1.0523216685193861,0.7625610900351367,-1.2690756663243865,0.41659498196199246,-0.5692858554540832,1.166433897908554,-1.1148251111745098,0.4299112542380211,-0.9717496799862556,-0.5692858554540834,0.5206507964127931,0.7876689174174922,0.47945966535227647,0.3028157788243766,0.25294503401450014,0.5800830642100563,0.37682511659365525,-0.009544791066586693,-0.7333215535591983,-0.6329119986191687,-0.8393327519675935,-0.6601312163021189,-1.375355800789825,-1.3110278571323977,0.8368902797862187,0.17948412779674666,0.15136436032210873,0.5173436450175859,0.6123766540558946,0.8468553497487615,0.8486159906046028,1.0407930914692394,0.9944303794763409,0.1822551258959332,0.5305765429695445,-1.0300926448273882,-0.7494952047583053,-1.40355204133188,-1.6025501891153908,-1.7311175570088264,-0.02459137541053518,-1.8943984961818103,-0.5049671776404014,-0.14296188767756,-1.803627440181258,-1.6930548635206828,-0.45829726549299793,-0.569038104497954,-0.4499831771683578,0.575741192097945,-0.8419827660126085,0.8853506862208491,0.6088668019231648,1.041446517014002,1.9293823010514277,2.102013373687206,0.9493021259367469,-1.658417486579855,0.18431474310963325,-0.5754246141686169,-0.34111800278649257,-1.4092324890877195,1.1674730904259876,2.161361576677299,-0.4037777185708719,-0.4090152822819568,-0.1110724269429173,0.8393905103057668,2.9210111823677822,0.9801818866872347,1.5717934057401157,-0.6570710498464656,1.4019830686771673,1.703830573099226,3.956839170779008,-1.00962187177479,1.0061198881628142,1.0974779112402802,0.8449629373969456
3269,-1.2590615348527834,-0.3229381321454057,-1.1303305836167203,-0.4159137829101864,-0.7114104631092252,1.1500358022626103,0.949980154199334,-0.6464079664553858,0.11161481893618562,1.498144617540867,-1.5554505838938042,0.9284125150497365,1.1941584861479173,0.6474945660309304,1.874980268755785,3.4648344559489392,-0.3114702534915832,3.3145302846915317,-0.9602163758609501,1.8749802687557855,0.36730803908488374,3.450218317038003,-0.6688198794794585,2.615771116070157,-0.9315233087805531,0.36730803908488363,1.9306094875558433,4.70124200792401,1.8308322527740202,3.1703860689160304,4.520252806741723,3.3469493900155243,2.5601590791500635,2.1237283203955046,1.0380958046405142,0.9501319705223249,0.5064066677809959,0.7133898862122414,-0.12285090451711088,0.16372418458514315,1.8722149887731698,1.518984007736187,1.3404183493547586,1.687777709801232,1.709600524983818,2.2053095820752358,2.1453912005478775,2.451764656461496,2.446351044909799,4.129452460461617,2.026317421046696,1.0366273972563864,-0.248859471965713,-0.14440521621504102,-0.8933445965843432,-1.070530449722882,3.4467119298707747,-1.8995209701569373,-0.5262092387938478,-0.2071111976857555,-1.4747769755156186,-1.6756820596796318,1.2853787795255684,0.7900652196843144,-0.005197526809892202,0.2852086057217426,-0.8019511338223967,0.766666551642457,0.3169606001878355,1.5268480572097787,1.8394761031936318,2.092391356219381,0.876227419638984,-1.4880043326970465,0.4245152985404471,-1.483544719339322,-0.9199417476300442,-1.2386478943409365,0.6232234670326106,0.3032862090434238,-0.09802125380411551,-0.12490381127505823,-0.482883008117135,0.8516785476248824,2.768208643873973,0.7620936195352546,1.4859625072482578,-0.5326091972776845,1.3441110518843453,1.6973883668601364,3.9038621158141056,-0.9473350632717795,1.072131522109108,1.090634124023602,0.8852852576601582
3270,-0.4702052605963987,-0.3117873237020016,-0.3161668760578069,-0.12243807611809199,-0.9428677179984135,-0.7251203651675407,-0.8144832752085489,-0.8749133926336268,-0.028575005215799087,1.5110765712386676,-1.6743753232867087,1.1517095526170127,1.389200675377462,0.89144580849469,2.5283554333709,1.6178938760327424,0.2982519321704286,2.682602936635927,-0.5354398843634698,2.528355433370902,1.1015978607865817,2.678583752192631,-0.22713229186067233,2.547446120960245,-0.7999761321025337,1.1015978607865822,2.551882591456441,0.04158155613804665,2.4561864227692336,1.236866765876765,0.04386004186226577,2.9506633185140116,2.72920479315704,2.4857308766346984,1.396018762773357,1.2369675583748232,0.8218689292268788,0.9928364071499703,0.1579660544611504,0.48004481790037024,-0.05826556373103223,0.24983989190416064,-0.007481721386779172,0.3167646869002763,0.38513490533231504,0.7313672962876626,0.6886541610964462,0.9131338536995877,0.9023893997105046,0.8370958137597163,2.624201657337701,1.5557720432106625,-0.25327750134511406,0.20239880499468826,-0.8789670988716364,-0.7800118367804508,0.8448138408964213,-1.883258396491426,-0.5840889639386512,-0.2663606291752749,-1.4310245061790259,-1.6592121506349156,1.665380211125642,1.0811862128609684,0.06840995620492439,3.6211207014884996,1.4442891657493988,-0.23078451998116645,-0.5453043951836228,-0.19451680457985573,1.083724658119457,1.354112538423725,-1.142248296384526,1.4063769999325366,0.43974125409336406,-0.36937609769239016,0.013446857463738304,-1.2228717734835464,3.5254992394719706,-0.2071138436436001,0.22622784892015876,0.012937002595405875,-3.689874042526554,0.8251742212444324,2.570114845803058,0.6346955568599906,0.29576281551198413,-0.3749555275685861,1.2711419888779905,1.690309200704918,3.465035474779615,-0.8782181340701696,1.1136913277741027,1.0812554733555506,0.8356070691074245
3271,-0.04230736979498212,-0.15156838932115113,-0.2688162053309886,-0.42604564276186013,-0.8947812221955543,-0.9999727806947258,-0.9867268705464314,-0.9346148958100026,-0.07429471523228698,1.6246946153530246,-1.7545436055751111,0.7852861632847269,0.9324375146065405,0.5824386391926328,2.186652015415249,-0.7869187139510521,0.541634773993082,1.0712256150877661,-0.16325445093751423,2.186652015415251,1.365516364574883,0.97056687656262,0.03991281499158722,1.5326388307579295,-0.6338736259639569,1.3655163645748825,0.13972953272814673,0.503880583515691,1.2567966644028836,-1.3193161182813626,0.6247248263927314,1.250471063368349,1.8712165425904321,1.8536905617498365,1.0177821420960786,0.8225011018348242,0.5612590785715705,0.6738942578534601,-0.10889673896205648,0.14186804344560516,-0.8806831473699103,-0.3944911716765755,-0.5698785174406024,-0.3946715289177284,-0.2705692029114461,-0.038429563193311096,-0.061902959710613666,0.10493160141217807,0.09029948490064561,-0.8504502899769127,2.2788367412111383,1.8091764840446831,-0.028997795377797946,-0.09976504659466508,-1.0707010137632154,-0.7927779845288597,-1.5548818628071046,-1.8768475108539462,-0.6357530900901023,-0.2875478829469397,-1.3739749393766145,-1.643613430576437,1.0821239463156298,0.7732478885569452,0.15699689159311572,3.183428897995936,2.681089990157902,0.6356425876225807,-0.5712855158077839,-0.9305474464451247,0.8879128777335558,0.8810702456470366,-2.499413445436309,1.4684840473563612,1.3964018625091879,0.48652422668013245,1.412674292478827,-1.0791795644855524,3.0234345538863443,-0.3962559555385206,0.2525075413621833,0.059975977944257686,-3.2589265276753805,0.7840944078543632,2.3873507529989313,0.5917611718108423,-0.16734767500788306,-0.24428575782999135,1.2556133044250821,1.6856024813000794,3.1786292265700427,-0.8236951221176408,1.1571100464998965,1.063827061183265,0.7942033874073504
3272,-0.28711918146447346,-0.4196302945670675,-0.2678895853378202,-0.4418399095724593,-0.9250830369202373,-0.9456358816948529,-1.0549116658123638,-0.9022282497428474,0.3374848870958157,1.5842238215887923,-1.9244384086131885,0.755579198673669,0.8968837497152885,0.5573538389607886,1.7577961962163178,-1.0893349238546783,0.6771948549169748,0.6163793217085928,0.13503063385712716,1.7577961962163189,1.4687715328783102,0.3680808982042771,0.24479380604215223,1.1980713063812873,-0.45346203701460686,1.4687715328783102,-0.003622650618945735,-0.8444194990976148,-0.714841214754406,-0.539537760314186,-0.7744707652892299,0.5060384726370206,1.548093291731064,1.6582092027383568,0.9821412921681724,0.7342272681814033,0.5580716497687794,0.6413489434090521,-0.10599169794618812,0.11713035459990889,-1.8299940821456122,-1.4007882226707697,-1.4058327645467215,-1.2468198463289548,-1.0833917153589894,-0.9671925866473808,-0.9893866455718696,-0.8680737447575371,-0.9146471345239705,-0.052537074118113,1.774679001056692,1.6943628411382172,0.1976889745361762,0.2542542948085775,-0.47616444314922746,-0.26177370271708045,0.16365286373875432,-1.8675611884063041,-0.669763281902054,-0.30766296880658844,-1.3707805702926859,-1.6283132278616894,1.043692328183162,0.7488239721740887,0.16396923835487354,2.8568487066019332,2.2536815145250157,1.1631373263686857,-0.8983074670997314,-0.7290762629931637,1.0539727372098178,0.8004432267092361,-2.083532890376479,0.5637222529248765,2.347095517847056,-0.11698475217509743,1.6172807076501678,-0.9388671265478827,2.212420899701118,-1.523621117975793,-0.18072921438087372,-0.35692015276540245,-2.9523704405328455,0.7710890259513538,2.172976235208539,0.5352442693210311,-0.42611382373679124,-0.15289313332470303,1.1995596564142084,1.6454650330658944,2.9108496951048486,-0.8114318212211895,1.2039344969455321,1.053965689842548,0.7264799475671618
3273,-0.3520591356799653,-0.33962562519841166,-0.2434264274388471,-0.1611250997485885,-0.9112527368675482,-0.9368762815036987,-1.050122822408227,-0.9122888928888822,0.4689441210004197,1.6254424305029997,-2.0528733720888077,0.9996471396101269,1.1463344285628387,0.8001027960488183,1.619858195295532,-0.4022397531913938,0.8758536995120878,0.9179183924815928,0.4055654381119161,1.619858195295533,1.6162341471400332,0.5044989034348535,0.4796636100682088,1.4008688935842446,-0.2547048450429931,1.6162341471400332,0.06734290378609556,0.25056736748522285,-0.19798383555961543,0.669946244258067,-0.4871560754138394,0.38595591021871745,1.6747573549925066,1.8109357653371834,1.3007236790162182,0.9894933332115932,0.839396502266842,0.9005137485088532,0.16778770181188457,0.4147461376197165,-0.8932046109292727,-0.69145989690827,-0.5979373356850662,-0.6903813248882947,-0.49964652830481243,-0.3012709519763633,-0.37430692645584285,-0.21218785560910547,-0.24192797662773316,0.8043585284925944,2.0645853725241845,1.9496633400727275,0.4050767780519442,0.57764302848061,-0.4026742288214785,0.02765707128111933,0.6459833193054205,-1.853485629790532,-0.6840130507953834,-0.30680237972592805,-1.364554206824774,-1.614947537129049,1.4763916318984445,1.0171209118039886,0.16701386245761807,2.4291130268135,1.4170826275827602,1.0044453345455489,-1.132766169507563,-1.0686887468746484,0.48558767139173536,0.2196346749455275,-1.2383694182621343,0.040752103814902234,2.441807327652635,0.028438604659391013,1.816950667699964,-0.5648149275041531,2.1501871044953225,-0.8094149395266796,-0.3376348010982884,-0.48962628750364123,-2.539200679098804,0.7650650212698961,1.8658664200665003,0.4949881150054109,-0.5911969044173204,-0.027596542452008915,1.0971573393101715,1.600561973009073,2.765672738909509,-0.8009037944058148,1.2296847606678096,1.0350042789593505,0.6589447488598599
3274,-0.14830124681437723,-0.3197391032517333,-0.1532004823854763,-0.1893255960869985,-0.8326478073890625,-0.9193728778078814,-0.9400598804092216,-0.8917577550056982,0.8945716060487918,1.4939342083165965,-1.71379414156723,0.9556809508410772,1.0904573134116198,0.76297162186062,1.3147350531088497,-0.8007988688362959,0.9740940574786935,0.4509971841948728,0.6203226672287128,1.314735053108851,1.6292513057058322,-0.03562530739885178,0.6506438515702933,1.038166113484289,-0.05617415446371841,1.6292513057058327,0.26739627754658873,0.05700933504153329,0.5937464538190071,-0.14681532663697325,-0.8633349888680487,0.19911554463526093,1.3331462513907437,1.513443183801786,1.2819590642242251,0.9137347498552402,0.8176931603487627,0.848175819619513,0.1541731383504027,0.3793070412291451,-0.8824112107012022,-1.1044432887793723,-1.0412143347989318,-1.0550142965811344,-0.86090485464619,-0.7413549694221634,-0.7883760226003452,-0.6482885114814274,-0.6908740245804842,-0.0881578462266647,0.2656510852730377,1.708542836091629,1.121568642381049,-0.06602202677349141,-0.23348119086771116,0.16869503784532408,0.6380738085098413,-1.8492516184772232,-0.6452204495093204,-0.3006556126267142,-1.3482708403449117,-1.6038182459743222,1.4131794308168117,0.9807413948057916,0.18131389417401864,2.1378298919827654,1.8443182047693647,1.5176750861587034,-1.1681108525298198,-1.1166108034334126,0.2748210557685764,-0.21167935512174268,-1.7197370847982505,-0.2083574542979857,2.9550962668663465,0.03813024683151743,2.2205853236997872,-0.21231525969280599,1.584524159222954,-1.3944174394319195,-0.785867466951069,-0.9185702817802357,-2.239107371008585,0.7796079154600725,1.7226323978217337,0.4530750717283515,-0.7140237197113792,0.07591118052263242,1.0104880797345492,1.5434123849671706,2.6473131268479317,-0.8026561710690959,1.2556698327967326,0.999136295919009,0.6095315769238462
3275,-0.041140584751431584,-0.02224996617725273,0.036141340387861834,0.09951687310854099,-1.09224151184326,-0.7980041020869089,-0.9085281054529442,-1.0367879683654404,0.331393793056219,1.6296447039687245,-1.904140428316742,1.210703375946576,1.3523694005377345,1.0144751305881565,1.267501569954284,-0.14219368101605062,1.148373524755314,0.8042514019780034,0.8253931544030947,1.2675015699542849,1.7076111164127037,0.2134581958019826,0.8570332548015526,1.253826413051063,0.14966964096651644,1.7076111164127032,0.5664269600721905,0.9452161868927462,0.3070165722628297,0.48579137194810884,-0.31630844778689554,0.8212457482795747,1.4239329344996805,1.649164958591272,1.6642768281150815,1.2038788348579823,1.0913190110909392,1.111432593112934,0.4295281455905872,0.6854645298268419,-0.0393336412381181,-0.8118357402009441,-0.7673151030946403,-0.8388916306416027,-0.6542225798430994,-0.49861294061839545,-0.564503371300244,-0.41257387189624556,-0.44778876062799317,0.8232770504333249,0.2511194943596965,2.163504854602491,1.586043021520857,-0.08158429947865267,0.0918085259960574,0.05549154893942001,0.123478191151747,-1.8570157158754634,-0.555063942624562,-0.21940340649867457,-1.2716540096286624,-1.5929587868250572,1.7629886551752514,1.254627077158666,0.27288613051484534,1.7671803220504014,-0.3599103119736586,1.1281389214057815,-0.24031028828547576,-0.8165667866601037,0.057481916648356286,-0.4553160438137693,0.5901336589185594,-1.4891732376204725,1.4171734966858538,0.6927970534715887,1.6061788858621562,0.10766114370627884,2.2081173535615894,0.511655529495015,-0.23555779395401816,-0.353660230707913,-1.962054789022586,0.8222149163218945,1.5504783268279703,0.4516578331312938,-0.7493996042826249,0.180844287029027,0.8971062512874881,1.498417429294069,2.5433628676789706,-0.7745629884358904,1.273353816380975,0.9845134088753316,0.5753485223576644
3276,0.12608304667231743,0.13065866723121533,0.29044127338975567,0.2186141258882968,-1.0406360167598057,-1.1857439021643579,-1.05535972772869,-1.0624022513778382,0.42982069194397227,1.5739780704185762,-1.8439058812874254,1.3082734226577293,1.4492100719688914,1.1121371562030107,1.1657176873639092,-0.2610154541974038,1.2926101748604601,0.6576308121095699,1.0132181303106398,1.165717687363911,1.735198687244906,0.02201713666143867,1.0428137475625299,1.128300882768018,0.3561596944068676,1.7351986872449057,0.7561359243725381,0.47666529688081,0.48147360111585064,0.3118365758769062,-0.8618483577758052,0.7913588751467133,1.2088793044896857,1.5435459764329447,1.7826832298244626,1.310315650829433,1.1982591695277545,1.2137139218895128,0.5487177364612285,0.8032306908685446,-0.1698498131005894,-0.9918380083010365,-0.9463729205392459,-1.0053318577415877,-0.8351144912278764,-0.7047184625898169,-0.7506549011110979,-0.622306819777624,-0.6573035682804006,0.33209204802490133,0.7781598033757434,2.3251094636858105,2.188726094594508,0.4914818137160372,0.18907530980332019,0.3188798910512856,0.6732201508619661,-1.8458993441264662,-0.5362796830608755,-0.10642273231642405,-1.1718235210568109,-1.5826623454477502,1.819487255416336,1.3615263275620877,0.3937343462517703,1.5376401875777241,-0.8686938033922419,2.029471063508265,0.6436990090625123,-0.7648408054938098,-0.3024159159880946,-0.3818535404003577,1.104934470325396,-2.7879082405486093,1.2689194616412505,1.5836299856101053,2.1967668676321157,0.06351445249798726,1.3496927195900121,-0.8135869694429123,-0.3485493766203862,-0.4523368976638224,-1.7306507626269385,0.945351815742054,1.2023311653031932,0.44987391332815574,-0.7655370484409936,0.29290311480370207,0.7759281443304495,1.4538859895377356,2.4579984963966126,-0.7562203781708865,1.278177325662568,0.9712857701005878,0.5395901599410118
3277,0.1275853587466224,-0.07245342117277696,-0.06475757986654819,-0.22382555458192627,-1.013437267035275,-1.1282961795401503,-1.0450142072277608,-1.0062053029924634,0.1899412319528393,1.580875485022086,-1.7705289743710684,0.6754635322040163,0.6116832749533498,0.6111996559310632,0.4803824366622349,-1.614932419093666,1.1623355053716036,-0.6244357533975646,1.0916578587413202,0.4803824366622358,1.4253842562098107,-1.1776067038955689,1.0559792300484356,0.06653147363129462,0.5236909778051904,1.4253842562098111,-1.0593109218261905,-0.6438673184376927,-0.0029111238565115217,-1.2277963099489015,-0.04147571519052615,-0.43912613845509146,0.20035074917802292,0.6166951314072698,1.1799288319197585,0.7807649670385797,0.7660543513838881,0.7613948503248701,0.15587241358457896,0.3126607988687947,-0.19380593017960396,-0.8765574409556389,-0.8666907298940068,-0.914431822505277,-0.776316690150057,-0.6497519551632365,-0.702500893806749,-0.5773356087481933,-0.6123013664964243,-1.2588072780038095,0.252081281860246,1.5329334313627185,1.714467697528526,0.38197835911912026,0.18038989598134575,0.02440558996402475,-1.4185600523123538,-1.7781437638438966,-0.6371520571558984,-0.15116394418210682,-0.9775560496307965,-1.5754439866678673,0.861548916980184,0.915127829085395,0.6314077650327642,1.2232658590192809,-0.44077244151173495,2.440033556763777,1.8457142033415306,-1.1039819938985904,-0.4800442608099219,-0.6465011762891685,0.6141308600329062,-2.8453387076243497,0.2498520226686003,3.207153557967313,2.7511375558988704,0.1763972104724312,1.4107993925494522,-0.054456324738113834,-0.12337040577229613,-0.20939331040397463,-1.4290851187358575,1.0437633950636722,0.8006388376764901,0.4863976538207681,-0.7081391903040406,0.3721489343707971,0.7083341136168501,1.4215936277546513,2.3839264826958577,-0.7492797056008537,1.3067397256315727,0.9657195196259438,0.5276074813003002
3278,-0.27373725673554233,-0.23569242086620165,-0.09212511655492872,-0.09838312311017429,-0.9428983444895079,-1.1344153615228882,-0.956435362457727,-1.0146401200539865,0.746994575509611,1.4889449275680477,-1.7252318459926619,0.7958099790908236,0.7528327526030879,0.7219572260693812,0.2098727504401319,-0.6376579669699435,1.1156945504563764,-0.23024070362202861,1.127433162739673,0.20987275044013284,1.2100734240815831,-0.8065562778917902,1.0896903071986423,0.1904588037725486,0.6647925458942159,1.210073424081584,-0.08947315852565627,-0.5233039014182335,-1.1703952444712242,0.6172956166013056,-0.7488310689636862,-0.15377936402003595,0.12397833822657742,0.5331729408332608,1.304920901739449,0.9390547149156763,0.8740224007366856,0.8776335203730717,0.2877069072466921,0.439290235533049,0.3111971860408786,-0.4847288160747866,-0.5755031393871303,-0.7060421569771165,-0.579095172024084,-0.4321756979993655,-0.5099743452124916,-0.37631233631485067,-0.40331575422566235,0.3545556819692915,0.059314042903304116,1.595406275812373,1.8083505154957706,0.46584604930877627,0.4151198265857851,-0.038029480173542594,0.8982085909153332,-1.7632433830950367,-0.62345088507956,-0.2047599174617401,-0.7079540555621817,-1.5685599453225474,0.715138275148967,1.0283434364041797,0.9596438482067344,1.2827500865749615,-0.8747176540941703,0.9800070843222392,1.0175983691587305,-1.1728258717127988,-0.5071632247287015,-0.37863706484598825,1.0804847524527328,-1.645213139956196,-0.236095018550488,2.3709198173541615,1.740602123905552,-0.0802191561627757,0.6105075579130428,-1.807740500961066,-0.6853674545256423,-0.7712888303820198,-1.4643941926444548,1.0824245753586288,0.47598238590293707,0.513707609128048,-0.6546836615596016,0.42411037873586194,0.6491490438941026,1.3700111878509655,2.318323147135868,-0.7281896229644309,1.3326259708327532,0.9327508996104991,0.5224841371973917
3279,0.026366824690191065,0.08873183288313512,0.06546876945977859,0.1486657224282386,-0.9637607953053492,-1.0059146859583783,-1.1124049067203408,-1.035260164840175,0.25876107589395764,1.475227514347674,-1.6179127020670192,1.0337359533211936,1.0251440896199462,0.9433284305758288,0.2727045614328526,0.14976628621406224,1.175637134554027,0.27788960641156124,1.1727848038189563,0.272704561432853,1.1264466190684514,-0.31227118361577516,1.1713451535043993,0.4900936972824228,0.7958931014387792,1.1264466190684514,0.4674710337671061,1.0314168191496556,0.8760338016839065,0.41952870814244186,0.10481822018498077,0.29922656037212625,0.4343370172671765,0.6463285111485582,1.50479428639433,1.2169025488768193,1.0872246996623833,1.1123890498629312,0.5281622079799443,0.6970828971458346,0.046841409387638866,-0.24042388952521046,-0.6240994639608214,-0.6930731859525331,-0.6311790255118473,-0.5097488440583376,-0.5899283282673143,-0.4563560400887623,-0.486916060828516,0.7027002910700739,0.39644321348853834,0.4870679744110758,1.8121453681878907,1.424281003672086,0.784933295004153,-0.17168019889473857,0.8312704810677669,-1.7705859840136138,-0.5349136695776319,-0.16414786205805817,-0.6899524232858764,-1.5620167518529653,1.0760811407174196,1.2576833489489427,0.968353649107249,0.9811147318615095,-0.9516586979992135,1.0468254624143307,1.2036084998937349,-1.159894791873839,-0.7148581569218806,-0.2655872015363676,1.1258949373688134,-1.7846407853179702,-0.3980261094962528,2.513445080943157,1.7551401846282233,-0.17457828385926344,1.419359713556871,0.45743818182013657,-0.20721375569962153,-0.27810340824142765,-1.1893195367086904,1.1046373033065606,0.2243788956707521,0.5729608447716348,-0.5646700850173055,0.4599100256531361,0.6046011569302512,1.3393803270247826,2.2622920908856092,-0.6822458847414744,1.3642940575471334,0.9219944453826804,0.5284666131364926
3280,0.18042244189830187,0.1824716687932078,0.16432754089698715,0.40209320394798687,-1.1041649652741212,-1.0754897882445507,-0.8499986312883635,-1.192212670002178,0.22325211069590167,1.5921216711243777,-1.4474910135615142,1.2597915340192487,1.2729336132223692,1.1596458089739103,0.4709157781659169,0.47425835588043497,1.3016999411280759,0.6083915411615692,1.2479165984129914,0.4709157781659174,1.1301277686023576,0.019589704310581803,1.2892575741403207,0.7291728252388783,0.9274880998751208,1.1301277686023579,0.288347078268307,0.2873494020225278,0.4410010317373632,0.755259099859203,0.06445214911654819,0.7875209076361456,0.7605282309569557,0.7405620147135756,1.6695023015373893,1.4769818760138367,1.2941240586389147,1.3408768848331158,0.7715985339614845,0.956247214693778,-0.30987167964109275,-0.36210204393016154,-0.7757647467386528,-0.815730160676194,-0.8195162094733999,-0.720929623999507,-0.7873575059101744,-0.669728721124579,-0.7053228359882363,0.7088483436238411,0.345883353098601,0.4368063709960123,2.1750263279597593,1.8538361721832548,1.118545325283963,-0.29167301256404715,0.08884618159809476,-1.793325237148852,-0.4056053543279811,-0.10361249497796987,-0.6718059237921029,-1.5558219915761182,1.4401844016027379,1.4867228530235552,0.9759703036266413,0.7707188040090585,-0.8610437153796353,-0.7883092777519033,1.2488484159454258,0.10107522372447922,-0.9785763800707814,-0.09490150377144445,1.0035720117823674,0.1817949603469366,-2.210962689701064,1.1796424790972408,-0.6340303662108229,0.1184835407604417,0.7779196740927193,-0.5520413085176047,-0.18323098398243357,-0.24463781569214219,-1.034348828358397,1.108328950264949,0.008563248963675763,0.6693170492008226,-0.44619116695038863,0.4996131773585924,0.5885357090784766,1.3122136243704077,2.214630784597591,-0.6089487355514442,1.3992271379427188,0.9037742046076577,0.5421728898681376
3281,0.35411508602959785,0.34663640786509664,0.26667571740353524,0.40570246948623523,-0.5431250436984509,-1.1951733323780724,-0.7002592278936455,-1.0787012947791565,1.9233612783039777,1.3025010717739691,-1.6831660315581458,1.2462050117229293,1.257983713407513,1.1489564494919946,0.4452942025873361,-0.06652429461660841,1.3549623035740748,0.27364910375581397,1.316681041474281,0.4452942025873372,1.0546855321962771,-0.2708643294757014,1.3653443349358858,0.48516210356012446,1.0501177025673352,1.054685532196279,0.2939248545680742,0.502619110823595,0.4914439938655381,0.15677255384708727,0.36840427729258146,0.6994692284761188,0.627034709767318,0.6390808921213311,1.480798821208574,1.44339292031502,1.2658216197047552,1.3117016004691053,0.7852889499520909,0.9465168341501284,1.4839008850308804,1.5373308190843291,1.112103826939427,0.464067596905927,0.21039837903184025,0.45804762640213903,0.2973516593940075,0.47717266403322606,0.47921098115691335,-0.00303241171419448,0.20337547033173337,0.7151932594199618,2.202586253991308,2.3485811010887416,1.001174847720007,-0.22868627934801494,1.6197027863912408,-1.7593842118899587,-0.24039746105423798,-0.006079618125674285,-0.640487607340015,-1.549984393652944,1.394929868016007,1.4709650029970902,0.9993569829603532,0.5767659426113448,-0.8815189651067874,-0.9912316772530723,1.9835478700753135,0.9380013489424416,-0.9764418054457099,0.07221457782940194,1.0011771004530698,0.37862960946048296,-3.216521484114595,1.0384625415038278,-1.511221731310643,0.2676817828534635,-1.3220204519236638,-4.036554371720025,-1.9201922251929078,-1.9529671305253362,-0.6939764839915352,1.068194915778705,0.019653599351582497,0.7053734082336572,-0.31609611511291275,0.5264928172799809,0.5391617657075867,1.2373362706289897,2.1800929231420154,-0.5406192195873104,1.4316276385223068,0.8134299534049358,0.5730763224946854
3282,0.4681116646876112,1.000360062110378,0.6635655633046899,0.8137765591501844,-0.4386160607602275,-0.5737120892324008,-0.5383902743194398,-0.7690080253391433,2.0940275563513877,1.2712990625381582,-1.9421396975573333,1.596064734392859,1.6275459444937528,1.4890983190598994,0.7295845885700615,0.6694551336398608,1.5373145985596792,0.9064612435383326,1.427267853119151,0.7295845885700624,1.1425722366733346,0.339218498466516,1.5151331036135882,0.9637077451141424,1.1822689301378106,1.142572236673336,1.1522247276559505,1.9913801596711938,0.31117120544152865,1.1455364915559667,1.6036696982107645,1.183179461407001,1.075168217425043,1.1149421693202244,1.768879234621425,1.834734568718322,1.6096143192863515,1.6668593273994148,1.16265693512542,1.3648435065136377,2.322393304176119,2.7449182314739815,2.7718535338822172,1.6705380080121774,1.2563754056318366,1.710984694176876,1.424502191543117,1.7163179858758186,1.7667070721904545,1.1168282962968579,1.2552636415128129,1.0848169922126223,2.173720410172943,2.568582293078475,1.0134658664654208,-0.25373722307887986,1.3834695706226006,-1.710209553295007,-0.020148141526261383,0.23026974994822547,-0.18827030498403605,-1.1929485728341833,1.44952284150362,1.5734924616573678,1.1148840515561889,0.30480468427158625,-0.935433089816997,-0.6162395324588863,2.0913623156676153,1.8894779973207885,-1.037548252514416,0.03573857901985133,1.0255069103360634,-0.049391588500847676,-2.962171961316817,0.11802091190313216,-2.086734814914196,0.6400541296900423,0.14561387661014075,-0.533100636654026,-2.108742745905398,-2.1230132661318,-0.410963809006159,0.9886811087789331,-0.2896551855953264,0.6672992852887427,-0.32323380574771665,0.5651167839681132,0.4181474254933715,1.1566446319879908,2.1459769317311093,-0.4420376867095587,1.4303430236519843,0.7244022090751202,0.6157560006225589
3283,0.8257551425346316,0.7851198762130005,0.4664853520492441,0.2943149621387318,-0.35808982977340714,-0.5288743066099889,-0.36979925560677473,-0.5496642733716116,1.6122641910252837,1.222574136445815,-2.0517093846429493,0.8041087404538668,0.6060338215563221,0.8699025979493441,0.17151844578305697,-1.3276111928652268,1.393515872729491,-0.6645254194240404,1.4484417241206553,0.17151844578305792,0.8432692488592494,-1.1219694001265739,1.4729946216415648,-0.22582801686615747,1.2782770901857636,0.84326924885925,-0.5875980618182189,-0.6694913937997529,0.98804174006766,-1.7950493914680377,1.5265594101235658,-0.3068972232242343,0.16249174510445447,0.2663289545655262,0.9635160442585147,1.181625518990941,1.099788169533655,1.1281775430015941,0.693818439113531,0.8026930436522459,-0.39390291438587155,0.135065370565532,0.23075908286343635,-0.2041375045091233,-0.34783547809759074,-0.12121876692940321,-0.23714612247071015,-0.06143148711766856,-0.07602694429347687,-1.4284452769035196,0.4608455769497818,0.3722531324991849,1.6901935181681742,2.1032137782484526,0.9840300727763808,-0.3565758957380089,-1.2570072332933109,-1.50358294685249,0.04668527168681641,0.3523888531342167,-0.16272698630280655,-1.1891469410818634,0.6294886361142109,1.070465727413577,1.128534206559909,0.3018706555335823,0.2655899034955294,0.04035670580412248,2.071418034628324,2.4002457356329128,-1.0507081665717426,0.06329715808576791,-0.24544062419187587,0.15353707618855977,-2.325419737659704,-0.4732120310268033,-2.094712099452407,0.8056390889579547,0.6856132180717033,0.5942816639009229,-1.6201433340216926,-1.634631301986946,-0.3855282475299319,0.9343759376062419,-0.6409327365222661,0.5594735161004758,-0.37407109528145555,0.5763016634077822,0.36336372088132535,1.1071679651140152,2.1145098958719055,-0.36584239969267757,1.433610099752156,0.673890460968944,0.648610344981701
3284,0.3770862565595721,0.40804560966764747,0.37764115568095175,0.16555460497571414,-0.2916688503415441,-0.41796778620276903,-0.3494015203942125,-0.48296585481141313,2.384223374375197,0.9937129840799513,-2.1004623954830968,0.6186560160189333,0.3839658782560604,0.7179461064092777,-0.27564921188458985,-1.0536620421826537,1.2209574551549502,-0.8137884315237557,1.4001349044217457,-0.27564921188458996,0.5198725620157909,-1.2132397133569317,1.3881481094287955,-0.49884915320008116,1.3354260241779845,0.5198725620157916,-0.2717177716735156,-1.1417970693047756,-1.2609412007261096,-0.729964123671757,0.10324497169796519,-0.6320460283358055,-0.10325328680482013,0.0031351567236107773,0.6666643101636048,1.0195851002148804,0.9578442375947517,0.9827485863436257,0.5802827791370058,0.659876878471125,-0.1791753193224663,0.3914672824017076,0.47962976458240103,0.09142255538013425,-0.11595615828839008,0.15766553631622618,0.022055676342858738,0.21401310120585063,0.21007931183170991,-0.36692625230930803,-0.0038931438344170445,0.28687306473065954,0.42220075525533807,1.7876593911210226,0.8584138886894699,-0.4039657916454371,0.9314599415423023,-1.2832335373038484,0.07534174194019862,0.42024803316278003,-0.15569749715134643,-1.1856233974491017,0.42508964321767945,0.9378332160782233,1.119907619753673,0.5707728986419853,-0.6328394731999509,-0.983092410994536,1.1757769808450758,1.735863300048618,-1.0564566227418406,0.18769946617148525,0.7360168709830971,0.5654428131889081,-2.225514781750271,-0.6915330920237722,-2.1905989773518977,0.46272019056903246,-0.1529072408423605,-1.5270827280207706,-2.389531410385448,-2.4125664443026125,-0.6178945295157577,0.7935857558198891,-0.649082638025184,0.29718935542720926,-0.4996570262846145,0.5636816542420872,0.31557994900012176,1.0261448045870065,2.0851058250379033,-0.2887437214543599,1.438947605760043,0.5802924500199351,0.6726903527922008
3285,0.3397350371388858,0.6092541455839504,0.5233624746051649,0.5405764511259631,-0.2684763322904409,-0.2944433553824754,-0.27473187364488666,-0.25474747855073787,1.426314077927934,1.130706450328642,-2.1197638893653465,0.979365872434903,0.8185653664086677,1.041566370552953,-0.111591955115214,0.38728986477345845,1.248348366042241,0.15075814504567703,1.3776157236389728,-0.1115919551152127,0.4554945727786968,-0.24234307512927336,1.402822293331402,0.126178317364017,1.384063703282907,0.45549457277869754,0.407093071980162,0.5905862529178315,-0.11794202915557363,0.6489938496539357,0.3573118374703565,0.21562364169429293,0.4191073986443797,0.4537787519742487,0.9368830992934233,1.4206428239584108,1.2669286433198195,1.3064200354696394,0.9148898593802962,1.039668094167152,-1.1122721206214483,-0.517148066095783,-0.4170722380001199,-0.588821216426337,-0.6926963099097861,-0.5208448799346114,-0.5945945759851227,-0.44267103200173546,-0.4718290771564643,1.017410629084104,0.1294377834196959,0.34591023941814825,0.46208231107589787,2.2344700486772515,1.0319445753131522,-0.17652162845176572,0.3095334327705763,-1.045218558419963,0.12115793693988006,0.5281690708667437,-0.14856251771029877,-1.1823923893128863,0.9684176093190557,1.2679593612618927,1.1113816758094683,0.3398806084973983,-0.8651742724412007,-1.1105530209877892,-0.9200156227701994,1.1598499590132643,-1.036151226881226,0.267046911935738,0.954232422915795,0.5289945099958321,0.03207036029906318,-2.251420755263086,-1.7625478764647553,0.18699826936054642,1.0873225282150107,1.3642538181862804,-1.4297040068656535,-1.4446456374675074,-0.3955848591559668,0.6312640945563079,-0.5795341840472864,-0.015733900776619777,-0.5983070573982557,0.5554433821862187,0.24220359341314796,0.98691109005064,2.0509892734128234,-0.1992325907620636,1.4243803122132852,0.5473398939191653,0.6899621935621101
3286,0.6294784343057958,0.4513197646347745,0.41134503954039653,0.5475436644007781,-0.3383536783650528,-0.35066296384211154,-0.32256238673935694,-0.31855942236224805,1.2966716392365014,1.1784232199787166,-2.26843198299038,0.9763362149866094,0.817531536353328,1.037837281775095,-0.07638226774354467,0.08403809458107661,1.2437001651914197,-0.0041412208831155635,1.3607990504497542,-0.07638226774354458,0.3669756838526147,-0.33283532590374704,1.399028487824871,0.008365906433284095,1.4217326374530908,0.36697568385261636,-0.3308912451010024,-0.483377891898721,0.795545514079952,-0.2957445839019632,0.13956916654779544,0.16900764253163805,0.3785994317298727,0.37331156403090066,0.7696827101152928,1.3867704571797281,1.2444454441867254,1.2822778018413676,0.9204433257729859,1.0352663388104753,-0.8744733396822912,-0.4647776558307939,-0.36321537287565364,-0.5040490481480386,-0.6355992055495543,-0.4591401429064357,-0.505270309286275,-0.3808707807959873,-0.40776643238825955,0.00976286908737712,0.13516098497119758,0.24496917606414575,0.7081336274219219,2.2683460890442886,1.0262931692920132,0.155135604005639,-0.25723734630549466,-0.8181781568390958,0.15643584857220313,0.5718116351128244,-0.14102807188833494,-1.1794700525652217,0.9675511101434112,1.2615406730924976,1.1031910873687059,0.28811955320413124,-0.9298252803793353,-1.076276742914407,-1.000487641763306,1.8588626985581427,-1.0389977692633594,0.04439537321175982,1.0165085218235135,0.4473039919872076,0.15450094669784661,-3.071238301266992,-2.3414034796902627,0.6380677955346742,0.40058186846603944,0.06493044865926437,-1.3009768247811357,-1.3147408739046529,-0.36756486919583353,0.4535154037728706,-0.44659546073518874,-0.3906663959232507,-0.6611063046374249,0.5577932857329951,0.16763460005166186,0.9477738609942233,2.0108169843954657,-0.1354000931664738,1.4015057270193978,0.5133401488506325,0.7016725665095859
3287,0.5134638851636745,0.41504277294369596,0.2193940039891005,0.6339543116994246,-0.5392150957481316,-0.39895378862261793,-0.26910914541143005,-0.4479922501268677,0.84530738064791,1.304287099663383,-2.2130108383615372,1.0535130492418319,0.9138038530939214,1.105327715983505,-0.021154677189311844,0.13199581721438083,1.2528295109138101,0.062461182930180346,1.3526748191656404,-0.021154677189310467,0.3080036149283392,-0.2219843103751994,1.4014561974912532,0.046625595593974084,1.4520636807049438,0.3080036149283399,-0.5596637010645459,-0.11756559858881795,-0.3316346268198436,0.38478007893539895,0.9399357705727409,0.4759537499747405,0.3762217669615602,0.43182828580702837,0.7145166958990073,1.424843232078412,1.2889264022724387,1.3143550632497587,0.9980198492589957,1.1082702325686191,-0.354186487852358,-0.504369259873595,-0.38526645609341714,-0.4942430547356996,-0.6099942827027834,-0.4764153333185315,-0.5153695050275593,-0.3936730151772735,-0.3891847859791476,0.22535252840382053,-0.24593033349038926,0.7196793431446997,0.7835060745139768,1.9917563749563443,1.191470347677787,0.17805758676881397,-0.4823291433162241,-0.5015329850854457,0.12190111889520107,0.5202954124034487,-0.027191282121532816,-1.1768744315160402,0.9611034755895916,1.3268555577160699,1.2158452367142139,0.03292159109993992,-0.932982132098289,-1.1252675339416358,-0.6525314996623085,2.0342236894807653,-1.0384281247498615,-0.33767474210775,0.9898029877973031,0.49779239233705713,-0.28782027618158706,-2.874677148687518,-2.517009183477809,1.0390020707941814,0.46928914688888285,0.5531195425228044,-0.8564424647601824,-0.8622488184681754,-0.1878615881037752,0.23528603517106125,-0.3438399601420262,-0.574919049191692,-0.6807773622329215,0.5719434965785021,0.10509147016023955,0.9125703717349405,1.9681705107742233,-0.0647357324330992,1.3699290688972827,0.4881066357140398,0.7344827650430983
3288,0.5139590586909392,0.43189393581312946,0.5110622679720646,0.5335440314330125,-0.5630204257790643,-0.6060577860801721,-0.5935073353838821,-0.5602709851932571,0.6427789785808727,1.389660453841638,-2.092558779444857,0.880866856538512,0.6855569113660042,0.9728640109637038,-0.15024301896162687,-0.30793400490667994,1.1917698437834234,-0.2851076658557687,1.325240512438646,-0.1502430189616256,0.17423094167560355,-0.5039368564768497,1.3605927084902905,-0.23243059413330117,1.466700990619378,0.17423094167560377,0.830702959946762,0.04111370248563808,-0.007716518825463349,0.046060647170903204,-0.45762405591009137,0.11364371671248769,0.11679842025159862,0.2514678785297243,0.4530005172047271,1.2612660868819334,1.1684140455294938,1.179814456998927,0.9097952926949544,0.9886736128424921,-0.9076700004897958,-1.0334176131181347,-0.9514653603336588,-0.8917215747179912,-0.9734310550820305,-0.904112844004303,-0.9155777615465691,-0.8206826976496833,-0.8331506746304117,-0.2819019997737027,0.25937972466600323,0.5171632236750288,0.48479952889312555,1.852782895785579,1.1396762398282332,0.08609105839754327,-0.7915962748223545,-0.08845672718984507,-0.02645951384074852,0.4759106539968168,0.02857041658108057,-1.1746257357557377,0.7488952230951867,1.2222582868478047,1.2594456631108586,-0.2007535450232801,-0.7234628639330334,-0.622934085702892,-0.5206885066553925,1.6346308003788164,-0.9767007893962331,-0.4410556778665275,0.7410359032071645,0.12273393418764356,0.021653236980065094,-2.314915961963588,-1.8377650368367298,0.985231669311862,0.03310078180140867,0.11112809294287052,-0.6631876551815418,-0.6581297268327081,0.023548243787161627,-0.1682678300031903,-0.2524314570443952,-0.9114089227451052,-0.7065867860980994,0.5936763662602552,0.06004760473326002,0.8849526720427993,1.9285683408047531,0.0119972289792127,1.3497965916849988,0.4736244194989343,0.7655335085731997
3289,0.7344833713556933,0.8364567159002586,0.7307048473740667,1.0366536037755432,-0.7049633769726594,-0.6110942057713797,-0.7077562126005609,-0.6690930612180165,0.47574586210803826,1.4477246167988436,-2.167169311533652,1.3728294053030659,1.2752542725084763,1.4103474705619397,0.2591589672258908,0.9748228480306633,1.3403555730032604,0.7515834741125913,1.3599643506298296,0.2591589672258918,0.30864317760170845,0.5063965956476598,1.4407474433013716,0.5450938364249746,1.496320283034801,0.3086431776017096,0.6133041016283494,1.1968199468880338,0.6011067497420678,0.9756862992399232,0.4219347949143854,0.9070655698442699,0.7633968736884804,0.8098072756365406,0.9445222186886424,1.7029107977519666,1.5694988688623515,1.5888919487894755,1.3509586549038373,1.4818269361427825,0.1651987515666635,-0.46196687528217256,-0.3842966538544545,-0.2750659242057787,-0.5240056854226048,-0.4799363809232585,-0.5199125379742027,-0.3968395284565785,-0.3808800518352963,1.3503266590754919,1.0147667599723202,0.7177369146575084,0.8750311828061003,1.0530460977412204,1.586544278064532,0.3123087411489207,1.1309543463680773,0.26131927977791714,-0.09294455378918852,0.5475422457035736,0.04242400822972697,-1.1727466414254097,1.4657897114131384,1.660126873082185,1.254862439532916,-0.39435671421399904,-0.8780959041050069,-0.8828258015469165,-0.9497564887443622,1.3824123547279485,-0.9909093037004278,-0.361433623823961,0.8819437845686969,0.2830560659333611,0.2723136390695428,-2.4779040485817014,-1.789706672248898,0.8253055156641638,-0.17691921293794952,-0.02726019775302893,-0.5038448910780212,-0.49180802559735154,0.1633452251753431,-0.4418361309233931,-0.42412791013501966,-0.8108826212803771,-0.7106282330972196,0.6187730632066586,-1.1270334593113196e-05,0.8589206120265619,1.891781882863926,0.11394423667205557,1.2956515783645621,0.4552268412038591,0.7978998695841718
3290,1.127839668733139,1.1289954269401128,1.171636997338303,1.0423621751460785,-0.609350010249131,-0.705559671551555,-0.6777260978517217,-0.5924319693466519,0.6559341267578949,1.4515126321619207,-2.234470279076883,1.361012542190216,1.2648313757225134,1.3986550567568317,0.34198791629298625,0.1984451710025792,1.4066471171645347,0.3549184518232562,1.406515949799764,0.3419879162929873,0.34760350673798845,0.14728661447110253,1.4852044425313824,0.32484702910184204,1.5297172658836269,0.34760350673799006,1.2245427252024412,0.8443473963695302,1.0665612177675483,-0.3170954086238774,-0.34418079559715975,0.6708113942803711,0.6669161921580158,0.6750268734216452,0.8765339014439281,1.5841661743534243,1.5308273716046297,1.5295352279385006,1.3469000920946963,1.4601991582951444,-0.5529814507636077,-0.9961566984483037,-0.9031812984109936,-0.6918139845155912,-0.8526614410873898,-0.882637227599728,-0.8989486258563949,-0.7990882148117879,-0.8017574773941814,-0.0032746026837878095,0.5614600708693372,0.493055927079115,0.6470868172122364,0.8134992753476323,1.3686971237321002,0.05925462739589705,-0.02856790185572218,0.7144799648242317,-0.2826270004285245,0.6836145855404749,0.09701969411144414,-1.1235095984147185,1.4019628689711487,1.611306087365312,1.2438576793285594,-0.18884536308120883,-0.08734097959725919,-0.6134672470490561,-0.3728076540086362,0.132827927428552,-0.6532032570837839,-0.5784439678440134,0.070387782135477,0.5880342419073253,-0.13703752412524642,-0.5280175530366775,-0.5219643908886954,0.5538980213545557,-0.35624072022979825,-0.6992081818395819,-0.6759623533006666,-0.6720801245036345,-0.0010432092351062453,-0.8824761157034869,-0.8895619739128684,0.6708376518108126,-1.067277822907019,0.6503454795571487,-0.07263446349833365,0.8260931646991003,1.8446344525201739,0.2396929240153649,1.2340922104843204,0.4264676900166123,0.8214166685157404
3291,1.1671552126046785,1.168813692785732,1.3304201683822359,1.2604607044489973,-0.5399741985879672,-0.6137479511062046,-0.5713386593542231,-0.5649816719483691,0.8007231490664384,1.442875701136445,-2.1347422999320904,1.5463330722903204,1.475957288745487,1.568327596437544,0.483593491282196,0.3392210292961819,1.507691056103699,0.5362958636804724,1.4732975267325745,0.4835934912821966,0.4318953470273124,0.31861965927433533,1.554813044547111,0.49645841587383843,1.5717807606616017,0.431895347027314,0.4193489694479253,0.0976193309759534,0.08782678536890781,0.26180186633522773,-0.9212757801050857,0.8421049916738941,0.86507407352199,0.8419337413480508,1.0192205738883582,1.6640469695349707,1.6796620157067597,1.651728465131582,1.5246897314964147,1.6525215633997714,0.008555426930688415,-0.5907894132682011,-0.5924392491778978,-0.3815862646767782,-0.5828779717385512,-0.6585070502841915,-0.6827351683929574,-0.5868204341065074,-0.566835334933568,0.5594377412567428,0.8033279894441797,0.6687678240917412,0.7088921890233625,1.2089110450419354,1.162781958387133,0.14831294718851823,0.6573268168209975,0.7412014269537541,-0.126514993586943,0.8169296483871679,0.14124252554702602,-1.0981043259805032,1.6545763781152343,1.7654604707341768,1.2459214728788914,-0.4122424654093481,-0.576683227594483,-0.9067165412753342,-0.7261306217127081,-0.42876053942409736,-0.7764865915579808,-0.345071804257467,0.5616876438254627,0.5335548583677161,-0.0023416128639642516,-0.2771611093250192,-0.22380519285210845,0.14235997205255038,-0.5220628243025717,-0.5775290379642651,-0.8347042456396248,-0.8170177763098581,0.2289668303666486,-0.7355464437748169,-0.8876636340376225,0.7367578510306025,-1.0903956215032968,0.6927992470509956,-0.15697367247788527,0.7894726366306685,1.7962795261658553,0.38809517363395046,1.1541452246677364,0.40325929165362984,0.8573361333516409
3292,1.2704999238969972,1.5569757193120626,1.428786284547115,1.4736384167298382,-0.4614359250541566,-0.5671846806386505,-0.6124120456379967,-0.816345893859384,0.9918498112263311,1.393573859411319,-1.9670114520976154,1.7143310674826637,1.657893046623495,1.7267800939514193,0.623712580816267,0.33596773615459136,1.6257630117376047,0.6321833706464638,1.5595788605567722,0.6237125808162683,0.5372022224374323,0.39812408765293456,1.6414904106112882,0.6186694839355107,1.6245793095443222,0.5372022224374353,0.2542349235952908,1.1073167240338306,0.26131038940645823,0.6145957249519477,0.44229877557471137,0.9411792928336864,1.0871705874839046,1.0075664834777642,1.1420121359754374,1.7330801978081314,1.8185237877465803,1.7557727206852105,1.6933689664367222,1.8355556988829342,0.6329778150310937,0.16027086514579966,-0.21008599144940152,-0.024937473900925298,-0.25803444663629527,-0.3495885031341266,-0.3696893411033183,-0.283224942651346,-0.24382005868822562,0.5446402248495098,0.9438282767879294,0.4897117307010039,1.2150681738154714,1.3704804343016095,1.2816770516760736,0.28526320720942533,0.8741397809537101,0.7139859444881429,0.08114658568073115,1.0260796152473222,0.4605929809098636,-0.8164388226361583,1.599948396676345,1.748629781859327,1.2776541335848326,-0.5593671546403572,-0.3598811876950221,-0.684151929263995,-0.6443884328429591,0.11274852239071813,-0.9313762262708578,-0.3894447594365847,0.3155454005613898,0.45852800852016484,0.11006082833034805,-0.7860734444102049,-0.5502709321873235,0.3814076147898226,-0.703432974435652,-0.6194077361669763,-1.0363220736735481,-1.0085457590874183,0.39042212544890986,-0.6213558322308277,-0.8446049782442151,0.7203941287734055,-1.128201437743458,0.7260322196762159,-0.22883723317763843,0.7539449118175962,1.7590008962350443,0.5442783787955198,1.0679057246056898,0.376037495495254,0.8842139869504457
3293,1.8190046399365747,1.967518729177238,1.841006848077978,2.027961990561117,-0.622566050829683,-0.3328200432686562,-0.48026359778095473,-0.6090781067669034,0.38265833511401104,1.6003924860842982,-1.765238536652008,2.113317106955186,2.038306192067025,2.13431114987739,1.0872384043142977,1.1232562330494371,1.8940979808083624,1.4133852805861342,1.7127439065886287,1.0872384043142995,0.828108027138709,1.105386268976448,1.8274258069487093,1.2867856734437697,1.7085464083772264,0.8281080271387113,1.1369859947289878,1.1926622610098137,1.4755410872368941,0.6268946264314975,0.3994569260408482,1.5512540820060712,1.6700614264070859,1.5894585831246875,1.6413207062623094,2.145428200287713,2.2452532137487062,2.162071513316836,2.1528453412171076,2.3565099110059236,1.4228259043615183,1.2228979078674898,0.7925689102798293,0.8432889168266864,0.46234603411764474,0.3654184291669925,0.3269083155136227,0.4280218953781894,0.5266264548237073,1.4704681379199034,1.7148109410679626,1.4148146845328466,1.5168354090378369,1.5405999706818936,1.5569363086546422,0.9083219150934069,0.40232476231404796,0.6744590544764265,0.40174369738691285,1.2978969047344726,0.8154214042214951,-0.49979062415541475,2.0065013778795047,2.0186985877431822,1.3129372454625283,-0.6976083088685071,-0.14160124042563568,-0.9081919019814952,0.2412858051111688,0.44466330989555564,-0.8954782286044684,-0.5258300760903033,0.06872404905251547,0.8607528744898251,-1.1066267496698157,-0.2378086013619205,-0.9872271315286734,0.6226539198223047,-0.03443268216500153,0.8571531165819155,-0.42518847072960514,-0.3963280025180023,0.47362047132544577,-0.10801147764924451,-0.5564130910366248,0.6841281582930737,-1.1212388900694739,0.7905010350268886,-0.29727226051937006,0.7311944810483597,1.7267651183840198,0.7034916252834931,0.9590680595469171,0.3681209395345525,0.9105440563132502
3294,1.815310224389195,1.794426387656508,1.776641236819472,1.767307760828373,-0.8850792383810544,-0.6538505082334148,-0.7104495461946237,-0.7858610788667921,0.3238727910315791,1.5615869425467954,-1.7854510183804024,1.653649430853286,1.4472211219579794,1.783919981697931,0.8128888593922888,-0.6602847339520095,1.9172284635635854,0.18695499210792502,1.822143111520391,0.8128888593922909,0.802517563829423,-0.09310994104768329,1.8839064124819223,0.4549163724073732,1.787780840406647,0.8025175638294249,-0.16401367208175152,-0.4804229999622353,0.0026638516223079067,-0.19029011473833982,-0.10612293339916481,0.6073588237522723,1.0307651480053388,1.1269032099321248,1.2367468618113089,1.7265372779003088,1.98273071601636,1.8610432248543527,1.9107541946751985,2.0664270870305543,0.18288528247209235,0.3327476307469189,0.192684704245349,0.04783841253249295,-0.1473016909443999,-0.25255885911709397,-0.24751020706498247,-0.18595096714994286,-0.1198713703101383,-0.6594142613088154,0.8175762192203035,1.317336290833283,1.130288761585754,1.378238004812509,1.2524816541824635,0.6914725013163024,-0.49255725702969655,0.7381963479745204,0.5806095784756298,1.5163704011990038,1.0429902955874306,-0.4944422843104651,1.4151526953515718,1.7822088674575671,1.5232677290031529,-0.3715523114986208,1.1510802600079726,0.6761752436078006,0.8409465792980702,0.7809690228816556,-0.6477288209381639,-1.072919907086616,-1.2595820320733215,0.1436373446372713,-0.34049847707044717,0.01169682712455298,-0.2355492862073199,1.2213361442584563,-0.26676950920944903,-0.3488922485445256,-0.34829521726793816,-0.3412762328196909,0.09003488507871568,0.15556910590604406,-0.4562358214317022,0.6814606149069159,-1.006032795028146,0.8408586653301592,-0.3606679433901153,0.7038167769343093,1.693455303385332,0.8664360525495038,0.8629144119222381,0.3612430000604947,0.9490565112015883
3295,1.7018142764963966,1.803375042405362,1.8616397542410779,1.9457435933976241,-0.8930107949024703,-0.8677821311805202,-0.5463617600841537,-0.8898558124644074,0.24327008012897705,1.586155333084858,-1.7308626008918482,1.7883697734182422,1.5941860576657751,1.913233773698289,0.7041908200578783,-0.2692085317682263,1.970358173716624,0.3413000012367712,1.9129099567239662,0.7041908200578789,0.8063970125494694,0.017168352048354422,1.951228162966429,0.5357438857860956,1.865594690551978,0.8063970125494685,0.25992339595907915,0.04703660165900215,-0.28808511722587743,0.7751677199699899,-0.486293134000441,0.6283715148131748,1.1045965874438117,1.1973699588816336,1.343201653185735,1.7646476621725056,2.0995744492914827,1.96236985264272,2.045792185680915,2.2150691747238276,-0.7209896706384527,-0.3957139722608462,-0.45090216423205265,-0.5179802513297783,-0.6174156813419793,-0.7137209210604272,-0.702100012202418,-0.6484504146602509,-0.6117777538285704,0.5005649071444408,1.0403466905067176,1.1479308684955956,1.070480012131001,1.2806085308413233,1.4090890749802096,1.2516727679180184,0.4140900561781197,0.7523782917878087,0.805380783084127,1.719344333413319,1.3517896824593734,-0.48914887512493904,1.3703798685220416,1.9337787475231365,1.8139057823012625,-0.45366291069751796,-0.07211228603822727,0.5636829756885695,0.1494362230527121,0.5592564828807921,-0.8310650582503809,-1.0350189617130698,0.023711508398057298,-0.6550550998598175,0.3483994473753234,-0.45738566207638903,-0.11591673669976209,1.1052776742222434,-0.3179670458596613,-0.3065515117400112,-0.2707804421191881,-0.2601011365962159,0.1644005447233517,0.40007207011571627,-0.3648812303351681,0.6857602082196512,-0.8691422645539871,0.892585744749657,-0.41874640558366466,0.6815042906373178,1.6601502548842013,0.9944551645739262,0.76519109348238,0.3615899044006577,0.9722572657890669
3296,2.031119716970185,2.1311610793929896,2.0485967346934726,2.044971398410189,-0.8827998054192935,-0.8780910862191507,-0.8672759743321048,-0.8522987734403975,0.08595044764681578,1.6068360485871596,-1.7223058192141847,1.8643067865197884,1.6777881008380913,1.985153136336986,0.6016939804373899,-0.260462034447387,2.0119554930329913,0.27455839458582026,1.9868257445767286,0.601693980437393,0.7890759873812765,-0.06997654779785435,2.0080135618535033,0.4690910099587522,1.9396690099044651,0.7890759873812776,0.5554247017641264,1.0083702397888523,0.9271907619912729,0.025503815737450638,0.16451948984891723,0.5167004167179149,1.0503050859301324,1.1376689301802283,1.368198143727361,1.7224171874865728,2.1463755789079078,2.005372374794548,2.11091395397175,2.2892909971432482,-0.042359437418644834,0.3239174158581537,0.3295830006543895,0.027699649644333867,-0.12437911063144427,-0.24710212502941326,-0.2599155084491,-0.1821593030142958,-0.10414181028079254,0.29878151572477196,0.9313046775035768,1.2381283998070174,1.1540510099279746,1.2651391752083885,1.7393185148463755,1.5405612620009532,0.21980838224187538,0.7893990513225768,1.0209970240709352,1.9679598682668573,1.6138902198368528,-0.3143209177903336,1.2640494679477465,1.922758391727829,1.902372889568892,-0.6047191672785404,0.06697217882414128,0.2630432658914083,0.03518853306291178,0.3826858567305453,-0.7433904386783707,-1.3433502175043934,-0.1406771902761856,-0.2300843508874406,0.20174554185669633,-0.3831556054416016,-0.1610007922776378,1.3067071303508024,-0.36983939668169274,-0.12718892392617565,-0.11886179346272019,-0.10120208896582238,0.30746603891152297,0.5393060222474372,-0.18865034560500987,0.7122366332523912,-0.7590959581394837,0.9368822940107623,-0.4591431676593882,0.661911537767553,1.6227674934856091,1.1046361827839406,0.6711564111900575,0.3699943987539348,1.002144229828004
3297,2.1515569816549025,1.9853886476206892,1.9426224317472627,1.7718330270508238,-0.8183409476880248,-0.8528399201233963,-0.6621860420438088,-0.7955578236784773,0.09429277147362658,1.5699609433767323,-1.561218836170151,1.3910835511621316,1.0700484957011271,1.6251471227805787,0.1263051429061344,-1.1544165872623635,1.8933021337565703,-0.5864761762739299,1.9925072074421577,0.12630514290613715,0.5619303012933268,-0.8813332883477142,1.9632748035945815,-0.23183486802673078,1.987549926675915,0.5619303012933283,-0.2598115275840515,-0.3866901895318629,0.3683387458172869,-1.266880798548196,-0.00945126493547415,-0.27716544893993256,0.47104700541686967,0.629620966220612,0.9566728737527819,1.316220182635511,1.88229291375949,1.727412036720409,1.861763959331628,1.996098198660697,-0.9654211922262992,-0.616233417706666,-0.6067498597715487,-0.7114453514906299,-0.7382556059997216,-0.8543407289845867,-0.8318669957252203,-0.7749034710926226,-0.7455162243009336,-0.7013952822116034,0.3867160511975203,0.9442009380068691,0.6611080805048098,1.42375163552671,1.4401223169733712,1.3038174776160925,-0.5304805012357177,0.835760102520923,1.1624975716793424,2.1395144442829475,1.6836099765657362,-0.30678389186712857,0.8266829931925033,1.6873608338513753,1.9566780276286935,-0.7804645369859844,-0.060748936036918416,0.43502942273961515,0.2057565966463735,0.3464120605384511,-0.403979855452329,-1.2831522787545926,-0.02687010753275002,-0.5096950341669555,0.16590283886038945,-0.16943500970529501,-0.015085754886750962,1.2392514384645412,-0.7230810038226504,-0.462354334401166,-0.1362963968170124,-0.10859265921950342,0.4901262397358979,0.672529674396264,-0.02593319914531424,0.7078527017915688,-0.48201450853560357,0.9760376103959508,-0.4919349232866547,0.6429812962135595,1.5920637581326929,1.212133486758467,0.5958619284977632,0.37535282333266884,1.0299123670111987
3298,1.944479019930385,1.9167633541522202,2.0621876439206392,2.036157764322919,-0.7528031077591709,-0.7635401938748396,-0.8377267466232079,-0.8006781350166285,0.08628732066094595,1.6118123723982307,-1.514772115699909,1.6250919776089645,1.349231494838021,1.836586609505484,0.11047470370565642,-0.03959481320187649,1.8986242733867278,0.05447309345418687,1.9975383079588065,0.11047470370565916,0.49586009775363316,-0.2610277653210023,1.9757061503945834,0.1466821055108364,2.0276051374199966,0.49586009775363327,0.3742193151261848,-0.17030984750185746,-0.528497904511341,0.27034599903335743,-0.9372273898322105,0.3631069207007837,0.6671815971491342,0.8438660526634677,1.1518371914288346,1.4651007201931274,2.0672144027113033,1.9365443163794673,2.0784363331794498,2.2344907816768953,-0.7099095016286098,-0.7129429436181369,-0.6564689866679596,-0.7647531675768627,-0.7598209448553473,-0.9017477387725767,-0.8770161818957032,-0.8304006467630577,-0.8028322342932258,0.7481676502392559,0.06981799179054875,1.2691726142179252,1.2681719974783094,1.5209029004899028,1.9648332707285772,1.61979905586004,0.5922813090679605,0.8538184730990795,1.353842236236429,2.2900738390760553,1.8350104435260912,-0.29914234542303514,1.0631134669220035,1.9213470416450114,2.092892826108655,-0.8178161531652147,-0.6880838182658608,-0.07724955548077948,-0.6258837869163589,0.6242580553957118,-0.5922608307195107,-1.4024697701979527,0.6304147888194995,-0.4218650094894216,0.642715833022118,-1.344167305996657,-0.5989106767505847,1.4415760992593543,-0.7355059838276702,-0.3870724845760394,-0.13005439641514227,-0.09948889120161437,0.5435870348315641,0.7749794699299223,0.18816835466774576,0.7047941031633342,-0.2094660269397161,1.0090808103749924,-0.5040041482887907,0.6232468595791001,1.5616100562851722,1.3156595610429298,0.5201590253179792,0.3821288940052859,1.041901157451238
3299,2.1752840970156355,2.293533746040354,2.2923671743975005,2.4116886208091914,-0.5752264716130859,-0.8259189417384071,-0.728176345492204,-0.8201897886194007,0.5987481901190751,1.583968582857575,-1.6348760419160473,1.9146949349437574,1.66635245725674,2.115906700457429,0.42150253040080393,0.7462226396991466,2.0290525731058286,0.7315133461290416,2.0468303003544186,0.42150253040080443,0.5994360144387592,0.39190791524694946,2.0613950033340585,0.6589809274905578,2.0781094015819788,0.5994360144387612,0.7038072514752713,1.1864068075422698,0.6797546131688617,0.7600563317953065,-0.2621189170035508,0.9851464374365668,1.0654260641693272,1.1894055339968792,1.4742938645856758,1.771993763338969,2.3475221312362096,2.233435324128431,2.3874646216580877,2.5768590838697616,0.3239933157503724,0.002490094272958233,0.05872308870730024,-0.23140898330598164,-0.1911886101327504,-0.462589409799067,-0.44000420326224177,-0.40627678951637697,-0.33510289981576863,1.0753313106102595,0.8339673450527461,1.1731582602703097,1.6695105815427762,1.6100162578998316,1.9030576429104753,1.6785493550638764,1.3421729064639047,0.928757308366894,1.577463580069256,2.498351497634383,2.080945441078671,-0.0833177609916448,1.367700930208702,2.139254448268014,2.141163638290793,-0.8634908870674582,-0.8927459350529051,0.516544519907433,0.4468026869974922,0.8434462320199168,-0.11279493606746807,-1.2303482421303205,0.8408550565174838,-1.2034923336582728,-0.030461939673415598,-0.4797848332237534,-0.3984478843427057,1.370565468409311,-1.3910374853271996,-1.4810990953328365,-0.6518758571220905,-0.6137798688947952,0.6391233667876068,0.9267497831411098,0.4115568651666573,0.6593705424800755,-0.004949703365992152,1.0411797169777766,-0.5394039483570313,0.5905370217907898,1.5349689288427462,1.4494962596280543,0.4102334648500317,0.37697772269271185,1.060367545538829
3300,2.350761200943932,2.2485769633441643,2.34811717824846,2.42367859853705,-0.572381420591298,-0.6513586092323977,-0.5620334228361787,-0.5191890249289476,0.5259005489688665,1.6282982416923373,-1.4514420268534483,1.9279891166253442,1.6860030424557826,2.1242346952821816,0.4481151205331632,0.06400523401185543,2.0852153635471082,0.35150917073772125,2.099095309924919,0.4481151205331637,0.6107431576359497,0.039915555820566676,2.1118094062593,0.42544479305602667,2.1289647417406132,0.6107431576359489,0.22139813810967976,-0.07245961398757056,0.5438353708592367,0.22819585366303521,-0.7654944871008394,0.8006714361473795,0.8952199780967547,1.011301464821897,1.3951568501516545,1.7116224633511146,2.318083842502109,2.2004603940611935,2.384284013886799,2.560314434775228,-0.1252535474720721,-0.3559592153508995,-0.2978701526440913,-0.4813444804734506,-0.3716396626354673,-0.6553014825671283,-0.6294107002455461,-0.6055170793370943,-0.5442278761662726,0.10107829210746863,0.6565996029919187,1.207615603382501,1.4059593196255815,1.441092099972464,1.8888528016819044,1.658169864953061,-0.12034079188786054,1.0134727159120844,1.7773649430485678,2.6789441233195905,2.11675973491354,-0.07273129347897851,1.3733220164031401,2.1568713790122223,2.1661431633408883,-0.7561242065258587,-0.26359612520750525,0.3792748995051585,1.2692535817184962,1.0455293201260232,-0.07099733785883328,-1.1600910019332935,0.18940701169368962,-0.5969868850129683,-1.0936998589152895,0.14769757179158602,-0.6684806083820584,1.3814478823139347,-0.6097767588458124,-0.14936140126394745,-0.5722478747101992,-0.5402172093924755,0.5387509048954051,1.0165927048102197,0.7945697447906802,0.7018454346347142,0.25598030907904423,1.0751104229815753,-0.5587667594671984,0.5574258940237526,1.5132772470611582,1.5894527650653025,0.31125347155391075,0.37561602476755107,1.0848872241010605
3301,2.2674195415513942,2.36958211797245,2.227515196028438,2.33213174040854,-0.5675353267020947,-0.6548232893783533,-0.4955009617940984,-0.5238179505616964,1.3336290079463222,1.4934351789819198,-1.6252409970506085,1.7985412101380696,1.5249856802887811,2.0192931832247503,0.23526896003323744,-0.5129644605490378,2.0522619535165156,-0.1339758440537838,2.121655907971889,0.2352689600332403,0.5043550656662457,-0.4109098616272841,2.1089804433170474,0.0483950650126269,2.1680647190255247,0.5043550656662494,-0.2874386586842495,0.4360609970072319,-0.17187208000515652,0.20647274614525055,0.43725750125722046,0.4444473418588403,0.6039919719260145,0.7523326605532481,1.2016356840005178,1.5364426028344194,2.2042123668540308,2.081256618037799,2.2942874217410196,2.452381001495599,-0.6582930935073074,-0.9206511348092028,-0.8513877554073376,-0.8844702957476123,-0.7854379464536585,-1.002820789831531,-0.9902933220188962,-0.9692320085040811,-0.9314151005533043,-0.1890064747028919,0.44232324549752533,0.9743559917446104,1.3491721416077087,1.3922630958280868,1.9036775923357228,1.8870560951363897,0.5885697907765003,1.09186696821797,1.9441808800293332,2.860144697211063,2.320932592707763,0.06743122527790786,1.05327600702875,2.018852610584726,2.2545811473385013,-0.9363860193954482,-0.42934305543262224,0.45805731535496347,0.8075216471405278,0.8063103910537307,-0.053384945190340316,-1.1709836862918621,0.3432528474132984,-0.8033601079189016,-0.49587857890731857,-0.06468082667938374,-0.4061914467023596,1.3031252719277717,-1.7290616925392228,-1.9967938710566424,-1.3995108681634678,-1.3551762675235304,0.709948760568173,1.0435397184287964,1.0826201145239935,0.6625240144194516,0.574904942099859,1.092512459016524,-0.5917626377447299,0.4993541481697062,1.4886600691878684,1.6839112059541745,0.21921232335004667,0.3234884682157231,1.1096099796786671
3302,2.290421266239951,2.1612465766777773,2.375635125524054,2.3005444724803032,-0.5581795330506516,-0.5337081604813331,-0.584234702220685,-0.526353267119553,1.214542352334421,1.4853771557580997,-1.4785009633855157,1.7840991244335311,1.5152276057224157,1.9997460174310273,0.01051364973611458,-0.5407336988919131,1.989979330166228,-0.3081868299540902,2.114224315364061,0.010513649736117202,0.3596725260961245,-0.5559175559704427,2.0805971767823523,-0.14579540593523121,2.19212789363175,0.3596725260961283,0.49030118376839404,-0.5782593036013997,0.12220756787563851,0.019018076511403702,-1.3466349039568792,0.1121426069649084,0.4375069935337105,0.577563773748682,1.1008017317468262,1.4251513456443798,2.1331963244163505,2.009036483657264,2.259248372856285,2.409127785147334,-0.6659141706705343,-0.9061821363700306,-0.8992483334250748,-0.8219680181399057,-0.8296741381398358,-1.0345948504577793,-1.0232248839609903,-1.003965208257264,-0.9603393983683906,-0.032887583647389876,0.7387489847072181,0.7961861533272233,1.2768249736630364,1.088581420953737,2.420854523398631,2.0129592219734134,0.04240242892855182,1.152649385521498,2.095717874548806,3.0116910997398185,2.293515682669905,0.07915740794013439,1.0508269383657762,2.003010335451253,2.2255333847487893,-1.0898509268140726,-0.6770177104731501,0.0519056446609657,0.7053343814002037,0.7136486690319568,-0.011735226357421472,-0.9634188731265855,0.5870518144648879,-0.5562177414903884,-0.7565830720826101,-0.06504563236858861,-0.5919621915425538,1.0906130367458577,-0.8838492154042625,-0.07728262118763611,-1.2860752651382443,-1.2347208044641607,0.8573422672879457,1.1073235594389577,1.643011975923413,0.6981289881617224,1.1628621125609508,1.104600407927785,-0.5885410761168152,0.45112197102638973,1.46758058208546,1.758903628457746,0.1517015065453346,0.27056905289508654,1.1274846347675924
3303,2.0555366952078415,1.9094955065511738,1.9610620008148043,1.8085076371246867,-0.34796944359016185,-0.6352982249039911,-0.3906577868912924,-0.5040306212863954,1.7200805976452194,1.4545259799304227,-1.2622962375587805,0.8499156059860445,0.32440999207658316,1.2978595773632373,-0.7041168341318876,-1.7068882384326265,1.7125708587890118,-1.489579659772965,2.011240970866676,-0.7041168341318856,-0.0669345973921424,-1.6164111024366845,1.9131922782237707,-1.1523605659797946,2.1732843616070547,-0.06693459739213946,-1.1616608853974353,-0.7489138117235098,-0.6255593927261107,-0.8762022645567302,-0.5218937893242467,-1.0256464464703205,-0.3235278888080715,-0.19696231410178705,0.4427255808979758,0.8440571901650155,1.6731755881632606,1.518795311019821,1.828233216775439,1.9147562029335878,-0.5248894480057064,-0.6644434928417718,-0.8100000201483951,-0.7356571960335153,-0.7733267266976664,-0.9970913225633858,-0.9880797289022677,-0.9676637057014754,-0.9195510161804825,-1.3402488602343936,-0.17568231026930392,-0.07483536495819897,0.9877464515586046,1.1279527294413678,1.9241701929338686,1.7998889215369596,-1.2243366273340865,1.2615965066951254,2.1310676288388497,2.8847075059922958,2.2986408098833593,0.09126285704245336,0.3201628784731152,1.5716462887649887,2.2330302366476693,-1.2414987169920677,-0.35864383089657,-0.2667750755820059,0.5857195544909097,0.22067396371546613,0.5658282481378774,-0.8072580620949099,0.23281854298749682,0.01927386341051875,-0.9105034324316037,0.36715520959595266,-0.3653669190183845,0.779748913658165,-1.6167719162858472,-1.1166702043266117,-1.8044448999626361,-1.7411418019453173,1.0637786586328024,1.1038231154317861,2.057850004953487,0.8241423238656914,0.9432201834153072,1.1177649777249445,-0.5853407519294537,0.38239576645995255,1.4716404484461811,1.803153982519718,0.12475477341999916,0.19514637559536577,1.1334832784366176
3304,1.9889937514692566,1.7872615517435015,1.7814753481358134,1.7441474838638695,-0.47324808896319365,-0.34060740634538367,-0.44815343023162374,-0.3834053096434815,1.308890893181642,1.5641233593123296,-0.8349864926886222,0.7620853315024129,0.22410544211138755,1.2241564790777368,-1.055660915078864,-0.8456290935227607,1.4843715935990116,-1.229274641407469,1.8626973336308978,-1.0556609150788625,-0.410317189795029,-1.29379059990397,1.748048311474462,-1.1518676288719738,2.1213417792116123,-0.41031718979502885,-0.5073437016701192,-0.35809539586059114,-0.1591699857348929,-0.8830117123777025,-0.21110001533452494,-0.8793595444885245,-0.43047622335665325,-0.325089672345802,0.2826668993624773,0.716360576522622,1.5801896157537285,1.4330865085828999,1.768046635184141,1.840054467339979,0.25771997285693404,-0.13204126130294602,-0.3753537490539957,-0.3639183030098474,-0.5055071956330083,-0.7781315770927906,-0.7701017953524548,-0.7524205804663332,-0.6814971456789364,-0.16237274979600444,-0.6996601102968927,0.08081816879696986,0.5767737033423325,1.1888965794492306,1.9645923382848105,1.6257501784101271,-0.7583896415832467,1.319380403897593,2.166940366704878,2.680754681678954,2.3623808628795024,0.10369127306915726,0.14774751470493228,1.5192567689005332,2.3038070467408343,-0.8796106833666147,-0.7659317658951579,-1.049509231208078,0.0612972266616785,0.2328375141461667,0.20397049890623214,-0.976657690220239,0.7059116485461007,0.5596352622575338,-1.0216474773503008,-0.19468297078277988,-0.8831050630396472,0.9331347462083063,-0.4356028224576525,0.46352991236186536,-1.369173915247459,-1.328238273797243,0.685814712750146,1.0996921778484823,1.9248236294010008,0.8748320856038757,0.8478536545358658,1.1401808954758719,-0.5450068796951875,0.32650978448086093,1.4756990376506212,1.8633322410850681,0.10695577773576936,0.14786337935871455,1.1517030053258157
3305,1.722613105782693,1.587317608581809,1.722199430398222,1.610839288171571,0.09054265970764092,-0.31721895800519884,-0.07031157320861786,-0.1801076705208357,2.3771608545185017,1.4263740610092044,-0.6837044136796382,0.5422143688852608,-0.03345768911651401,1.0488753111741775,-1.2776806830495098,-0.5418246142162744,1.2604453185520887,-1.2067528869465431,1.6855579984114293,-1.2776806830495098,-0.7221054864293753,-1.1727614834241908,1.567857441061729,-1.2676508583627033,2.0401620218833583,-0.7221054864293732,-0.15621035657361848,-0.617043330516419,-0.7483506229460369,-0.4292909001377398,-0.9337663367106266,-0.8317512982534315,-0.6045807838563346,-0.48025259275012555,0.06557486594955494,0.52698297259681,1.4266622405289728,1.2908162389988118,1.6518223828607355,1.7018456953955527,0.46448896865185674,-0.023583146052776074,-0.1277893419982588,-0.2809389984584282,-0.44299936934270695,-0.7329019895285533,-0.7197161221503222,-0.7027738415957444,-0.6321530439154148,-0.3675377659763595,-0.896710195240718,-0.1835633454634095,0.4824281007009163,0.8193785865387023,1.9842191796917321,1.6022098634967918,0.4165140628131247,1.4767558015875613,2.130216639123141,2.475292426485419,2.355071460168013,0.11657319042992123,-0.058456301395112605,1.4036030614208996,2.303228060172777,-1.0383265103908075,-0.24549361640700404,-1.1287673083532863,-0.6476172687895919,0.35781641949545295,0.184289218013355,-1.1559412699294231,0.13701921199458195,1.0394057501625376,-0.28916340774669014,-1.0747405506910914,-1.0399553872074772,1.1358147751230119,-1.9621523768816562,-1.908760308354281,-2.455418879237085,-2.396310349921705,1.0047854499733837,1.0834613625750606,1.802933230241579,0.9631513156559574,0.30370772580673516,1.1645120702713074,-0.489690571784563,0.25923254626800646,1.445019697267379,1.9030416476981487,0.10278748568964409,0.08715661425314798,1.1524063178169917
3306,1.4512370652634503,1.3839956279411985,1.3758066076675772,1.255463074671695,0.011426952717997348,0.07828762561084981,0.0457434928504976,0.11790396376127793,1.9727511943958536,1.5459210310530531,-0.6549652914228344,-0.040747859281994245,-0.6716283398834028,0.5704568221514696,-1.6519572650339398,-0.920505905513368,0.9442198237991674,-1.6862486569086677,1.4570047018484507,-1.6519572650339387,-1.1224189110663085,-1.511044153094318,1.3180642331634993,-1.7507199250470749,1.9207086449860467,-1.1224189110663083,-1.0316271726742754,-0.6414657373896503,-0.7869267513899488,-0.7323110045757125,-0.15558723539826422,-1.218008473704158,-1.0716370238455024,-0.9513741975327246,-0.4010598889333173,0.10957961836818719,1.077507275052645,0.9340408999793439,1.3454355423545792,1.3429950305883154,0.17936737999687546,-0.012806952497575705,-0.1421303814160422,-0.3417192589877006,-0.5092802404644736,-0.7797549999473435,-0.768126025170035,-0.7511576380743523,-0.691691149819985,-1.020197811341101,-1.2424547486256547,-0.5808220052315805,0.06172101942149862,0.5487636947552064,1.9570413240967008,1.315269403802104,-1.728349619749426,1.6679529511358637,2.0241486443734846,2.1198165460838343,2.210766582618782,0.12888129612429453,-0.4571938617191995,1.0814899993919096,2.161148769385376,-1.150323350116744,0.09892504955220222,-1.0175592045341424,-0.8007210908767051,-0.20736991620719214,0.22639818777111284,-1.2098859505656023,-0.2405792534359319,1.1773051271883685,-0.01993584720369224,-0.6075611193252004,-0.4872778061908073,0.9855006975930325,-0.7303376947747324,0.6491726463001185,-2.0508840596806484,-1.9894511041565044,1.0867690853301526,0.9984696022935864,1.5958400856618293,1.0486140762601204,-0.1819938719492024,1.196302665319783,-0.4295248325280675,0.20518073020471378,1.415828314385581,1.9402792449262796,0.0977527972748738,0.04759690682800017,1.1596218082581342
3307,1.3190954732379223,1.399671029765523,1.5237044733995035,1.5519712359793354,-0.011891608224726173,0.037804435093023704,0.002819381944801569,0.10432655640498778,1.7836681893411173,1.6306150938905484,-0.5382414416617892,0.3905278160742063,-0.05592483427106643,0.8882963116175651,-1.3151625242654665,0.8067719800251213,0.859573242997314,-0.4558262545405632,1.2749737685537699,-1.3151625242654656,-1.1820242790386981,-0.23747951255106206,1.1870584108168647,-0.9215585050270148,1.7970505436440758,-1.1820242790386943,0.4647786017282773,0.060784971799561854,-0.38727781075727147,0.8143923000614254,-0.8673885371052453,-0.0766375621155127,-0.5616885772183369,-0.47726911246909287,-0.09523996127085715,0.37399215765212057,1.2896288670963514,1.1729362107079147,1.59266206825328,1.6286253589444946,-0.8175347184335269,-0.7740780347549069,-0.8432409620972589,-0.885002517923159,-0.9653075859006457,-1.151468550690525,-1.1208331137176353,-1.1058654207234337,-1.103974819887535,0.882047071451271,-0.863671606513563,-0.10584049080858196,0.1474194686878519,0.7183055210598341,2.394703068065735,1.335098828849116,0.4994079800322163,1.8058063522481531,1.9698524590001907,1.809460801171918,2.182708774661186,0.13989478160584062,0.007915278510968295,1.3543568225380047,2.135453952282827,-0.9959073548360069,0.7011579411091284,-0.4760907716734139,-1.1433421217248534,-0.6793532828652477,0.23229570469949654,-1.3718319102243524,-0.8588098384129804,1.0402709881293022,0.8750962886131949,-0.44458837091244063,0.2720142848473634,0.9615099035492413,-0.7494339762994593,0.3232966075275352,-1.8510364095700231,-1.7989591060005423,0.9345885842859128,0.9166290895729029,1.4811455435882375,1.0622441343998716,-0.5646840209085776,1.244525029533358,-0.33202868944234337,0.17662389840500445,1.3959291932683358,2.006223759966971,0.07838801208757488,0.014186924834314945,1.1665715831564336
3308,1.500550510151417,1.400218437249738,1.5330567383545157,1.5565735180958398,-0.021450609518600738,-0.009466730507338301,-0.07294036079262306,0.04862572858213037,1.79036635546355,1.5907477179426641,-0.4375724034175003,0.41124215679556897,-0.02318331293880446,0.8994065719385345,-1.041743277083129,0.6699845025528365,0.7948232210067225,-0.3460323108751955,1.1305040041785277,-1.0417432770831299,-1.1896136322851896,-0.04001285709121908,1.073220559450602,-0.7973339798464367,1.673528220523272,-1.1896136322851896,0.04280422018888426,0.012763203976358375,0.55773698440856,0.17554827367973574,-0.9218547880374839,0.06567773782672662,-0.4879389333359646,-0.42105583403478,-0.14585286267917424,0.3257809047818673,1.2465187191386982,1.138225941781404,1.585432162015065,1.6245209504198785,-1.1827952274532234,-1.093195769900942,-1.0820793947248817,-1.134206987422249,-1.1609299840941973,-1.3176345956534152,-1.279876199603918,-1.2701766183040897,-1.2859857495108853,0.02704799057477509,-0.2823376798026288,-0.322564609507536,-0.23239805775508787,0.8008565357457582,2.2521182519065475,1.0875120923779957,0.2707980272659686,1.9577355003296313,1.8970873834400213,1.5311847489367418,2.1558728119997714,0.1512227735156434,0.033517902744643516,1.357798179517334,2.1100857899383625,-0.9693959008571978,0.17959540427271115,-1.042268852427212,-1.1283890133750554,-0.4905926913809558,0.7377655076321967,-1.4051653199498388,-0.30483487995723463,1.2582350347167384,0.3380714640656171,-0.6379377509079178,-0.26040402590401285,1.0592136530206169,-0.8937309311213255,-0.01063466149395451,-1.8554171443734582,-1.8056957505122162,0.9069675052998244,0.8064348518622454,1.3023513943599392,1.0790402809497843,-0.904788193335731,1.3096792813295193,-0.22776696017779635,0.14142389034324832,1.3797085444839774,2.094268324567194,0.04414325247892208,-0.01702229507317098,1.172529220893767
3309,1.50553949697768,1.7300629968601668,1.671972835302292,1.8523939395287379,-0.1973256629949778,-0.17069101987444488,-0.0422247143931077,-0.07199002529822893,1.6303862352759941,1.6606945641048483,-0.5075235613652018,0.8155472373275928,0.5204123000933267,1.2084943684159357,-0.4947025563977212,1.3293519274744732,0.8747210844418581,0.4275938571436486,1.0619271538304123,-0.49470255639772104,-0.993942153166237,0.7464991613310784,1.0532504701534882,-0.14000377270897577,1.570493259737754,-0.9939421531662351,0.4468697090233555,1.102995890923831,0.026986063220018768,1.239149108652294,0.054921493680723715,0.7978734816435129,0.08759861731945082,0.008857550267460535,0.1695370200931835,0.5970232801190167,1.4661160689237682,1.3566198386966282,1.8265443810582838,1.9085969836834755,-0.6465086156961256,-0.714530382741683,-0.7936281916426661,-0.9336444937206659,-1.0144583000959526,-1.195926588227615,-1.1421957826160112,-1.1628961595694918,-1.1724330218512804,0.8936967494438437,0.16983923057964836,-0.3770546625782534,0.1762277613911346,0.6738272853997347,1.9939466718234378,1.3087574438291871,0.5888182629000862,2.1109327058506646,1.8456441146420313,1.4086272432612523,2.1289577897932492,0.1628877138529019,0.5102238381457315,1.6313073033290977,2.0864072002344316,-1.12842356531519,-0.5916294716378346,-0.856002979876006,-0.9531652487984199,-0.32794217714980695,0.7094116687811393,-1.3574756533517514,0.4908377444430336,0.48211078962056947,0.3089082103405062,-0.6348515855237415,-0.2787269952899438,1.0759086813355572,-0.8932905457205048,0.17956501341354109,-1.7010567891153936,-1.6470006199344525,1.005008541794737,0.6745383028825485,1.2225358906254291,1.0910965079490806,-1.0538814039052409,1.3388938063758775,-0.14637109775378082,0.10490705700119222,1.3694178600590516,2.1854315136445828,0.011448354847310181,-0.06373146947759775,1.1868762069813743
3310,1.666001129959312,1.505315140695618,1.367513160945864,1.6386935305749208,-0.14772861420985997,-0.19924241579953295,-0.09200882343704923,-0.0617786323732012,1.3868700316747882,1.7531784493327747,-0.41918281980538025,0.45398569945664646,0.09208092238894253,0.9164109064662127,-0.4729710173058502,0.053824752825933825,0.8179646301847178,-0.3014875976709747,0.996135364970974,-0.47297101730585,-0.971350139504308,0.08310074213437535,0.9708233893539984,-0.5753932779147436,1.4700607836236783,-0.9713501395043065,-0.9304194509714742,-0.7115289743591843,0.502294756494812,-0.11305073100933193,0.5320284556257814,0.21952163780927758,-0.14618577175485312,-0.2686157496532097,-0.12238660398110929,0.3259629914609782,1.245154763913389,1.0984729364005723,1.6248562679459668,1.691696762597363,1.4435191074227762,0.969525300113929,0.7113837857106096,0.15124139957641927,-0.1503193560974619,-0.482702767522377,-0.3748860754127976,-0.47867892344017005,-0.44407191821057773,-0.6047344149680612,0.06719063790867334,-0.5871415837577832,-0.114440302547084,0.5188610839261308,1.6990902972365167,1.4396646909190725,-1.1313632717040922,2.320129234270345,1.7104962627313243,1.1440656482765204,2.0448264740924618,0.1749143656130733,0.2705426426455047,1.436613600607609,2.0033573753343132,-1.083177269143408,-0.8651924161156253,-0.7736219100207448,-1.098483634090083,-0.4964473677181088,0.4625552561333055,-1.4042815259570032,0.7854197179552753,0.18665475908725104,0.5582512846789135,-0.6030335374843493,-0.07929209990663384,1.0577933192023268,-0.7705808999380314,0.3692001162126064,-1.4526066586451796,-1.400575814800017,0.9776601661502324,0.3734250457652189,1.053388839877886,1.0922696763314728,-1.1460945361060264,1.3618944820404095,-0.07139372228245647,0.07900723844241808,1.3699572691623774,2.241075268038014,0.0015232257421515395,-0.09515866813934953,1.1974254951818442
3311,1.4772214562158434,1.5071301448935728,1.4724868800570154,1.293722327284454,-0.0016716574893155891,-0.13877540945836128,-0.16096894537807077,-0.03839142544218624,1.671004591169154,1.6364472602930888,-0.6116579981669974,-0.09157448620449267,-0.5108385083574095,0.45539203790769567,-0.826366903854806,-0.8580060499397365,0.6154677377867777,-1.0781618637754051,0.8810419174258128,-0.8263669038548055,-1.1337882385353544,-0.6315913127946746,0.8036913021196457,-1.163756243738688,1.3531550448508258,-1.1337882385353535,0.34099991832291154,0.0211904278682114,-0.556330478430923,-0.6911594940340987,-0.030452336040302626,-0.7237222572699692,-0.5648356051492334,-0.6641513518737869,-0.5477563221823215,-0.08243121982420348,0.9160224223534184,0.711671972465871,1.3117702990859814,1.346588841966598,0.4248866364226973,0.08852878955578919,0.023776316804862283,-0.3868118558561934,-0.5479499892479448,-0.8417868887401124,-0.714979173737776,-0.8223723722926174,-0.8137229904876724,-1.0119501530977357,0.0721804571686023,-0.8299319228511756,-0.4541967838311628,0.11122906332970789,1.23340180326461,1.3091730127329306,-0.41949377357939205,2.3854755238543985,1.6410773706673913,0.90555768152731,1.9462186543784499,0.18733013644390056,-0.16261171623923076,1.1179077070645895,1.9045956587808637,-1.121528721682268,-0.909762442105003,-0.4470940813257784,-1.0664977001725857,-0.7288094329994134,0.12808367105181712,-1.369737344571795,0.8280864840984871,-0.20207643128992794,0.8261336462826151,-0.3171749225740165,0.33575722323852847,0.9475089878690797,-1.293902600496511,-0.5054681741922575,-1.740201799153529,-1.6846247440648006,1.0575415997407709,0.048443874104259106,0.7228880657650203,1.0890272715347167,-1.1666151746163564,1.3753605479870015,-0.02796181793987788,0.09550370969162272,1.358984564012764,2.2672370112535534,-0.0094077662413026,-0.12365820901367615,1.200487242644082
3312,1.3626782138653601,1.5762006488599958,1.5538784003868997,1.7082999606702323,-0.08197901280037778,0.03929040045857839,-0.09389277410509009,0.026629438938764027,1.338370382520744,1.688207009130079,-0.6784526717792785,0.4809405657946426,0.22209553613211655,0.8994021914634767,-0.42323805630021705,0.9789417266164002,0.6662102344387447,0.2709705382878261,0.8220825270340452,-0.42323805630021616,-0.9617202222181483,0.6607155059704867,0.7780423293840261,-0.17955850054186748,1.254018664121089,-0.9617202222181483,0.2712810573970909,0.24741726925318172,-0.340730420929158,1.2688985786992621,-0.10658180199587904,0.30273659086940385,0.23377187747593622,0.04811392260979225,-0.056039738083416286,0.34833889461360074,1.2585713879624096,1.0337019930964049,1.6519744639970269,1.7496896179446195,0.2191801141052778,0.04137758788264344,0.06881181259493131,-0.3555064963415194,-0.4648285233470294,-0.8364823058887134,-0.7096042580417113,-0.8222394026961382,-0.8218360707277615,1.2687591550703525,0.23434674519915633,-0.451514961896308,0.053441425121214324,0.29086433695069636,1.2598946966360056,1.2139243249836686,1.0882092610092167,2.495649774817878,1.5657730701667398,0.7187014620267123,1.8961444180315357,0.20016545961471974,0.5363206161326797,1.5040790924314211,1.8558765167722784,-0.9748581607619897,-0.9153168220614162,-0.005546892128815972,-0.6409107966777934,-1.1118809369763074,-0.3738295623811586,-1.4068878987326203,0.8515889563300482,-0.6840695601513399,0.7393016614403662,0.5632524915810886,0.9600205248117677,0.8470780134378372,-0.5928706941575637,0.5677313213709371,-1.3971733836889793,-1.3504783252335923,0.8956573599518406,-0.20127339526046967,0.36421421145766764,1.0690804076584404,-1.2437596817885737,1.3927016346281063,0.007068464265443237,0.1333341964436174,1.3523190820665245,2.3425799733953814,-0.060425803605771385,-0.14505541531568408,1.2071211527513401
3313,1.6316167521325649,1.4956474395989532,1.1670710574186027,1.4523904325854309,0.188274395307694,-0.05238891497073334,0.17314512206941687,0.08670434379874842,1.1909642450683566,1.6734588815190774,-0.4053654114837745,0.104843496356856,-0.1911533527674744,0.5720340392100092,-0.5173477094713865,-0.2261807982052575,0.5731091977963523,-0.49566648516108597,0.749907626303643,-0.5173477094713869,-0.9767065963866429,-0.05729894204578254,0.6808549671652715,-0.6765049574473688,1.1532828911752024,-0.9767065963866429,-1.2090505617212723,-0.2525936277529676,0.8441389607926114,-0.6729968471939776,1.6151345950245053,-0.33184239521749015,-0.14531757388428385,-0.23975786004554556,-0.342374089351788,0.027524821714805334,1.014542956492332,0.7289737861551833,1.407741773196034,1.4904524571817823,1.9254572542696415,2.046064537229623,2.125802432638622,1.4136349838392919,0.9581385621799587,0.24792696675087708,0.43773094802675966,0.21112688557012274,0.2683683415533179,-0.7493008805838575,-0.10246587114712799,-0.27125207882353297,-0.33575191005509725,-0.27695750567567134,0.8260033635654809,1.0675384201151268,-0.69652681675561,2.550555677536397,1.4988800031322738,0.4450020016749913,1.9192195669739094,0.378564565983372,0.10441424856334625,1.193584830985565,1.7735823096055234,-0.749534976377333,-0.8843327380757815,-0.6103302394022233,-1.1210694369719547,-1.0590298529516204,-0.4744064864375024,-1.4087081723444266,0.846085273060402,-0.00806593037753801,0.7373082595315497,-0.005416801351109722,0.5181667541629497,0.8690070235019909,-0.5417940786229566,0.41171736279268334,-1.2370130850751127,-1.197611487870111,0.7629737115989328,-0.6296603275845812,-0.12701471655052507,0.9207828022933309,-1.168152247465841,1.391718994450188,0.037782061798975385,0.19689146498346882,1.337064556738774,2.4030711643145977,-0.10705645217857263,-0.13802662681566474,1.204518964599215
3314,1.5537686489116949,1.5023203389704907,1.5946631709413228,1.6436310689994165,0.11364294960204445,0.19967557615125092,0.08444690621798784,0.23523692924994277,0.8630645531751208,1.716903486697414,-0.47647799197000784,0.36862647129183546,0.13632858271843065,0.7802156971719328,-0.2910017613840234,0.54993111367788,0.5943746509844272,0.11394265158848672,0.7092777799431366,-0.2910017613840231,-0.8434757357071834,0.5132401581989947,0.6517366486256814,-0.20325866497023243,1.0662872756357171,-0.8434757357071816,1.3871943387336263,0.03827849252265736,-0.2219477148623927,0.3202362369685204,-0.7157378758140912,0.29670050941686665,0.2004599555204531,0.1357632874020851,-0.10207398997701597,0.19296342380046091,1.1653386569792212,0.8483895440183136,1.5507541244009646,1.6725431413598038,-0.8048664992961362,-0.32779112299439433,-0.3091595214826328,-0.3935127054503821,-0.5299202119076886,-0.9003491010095827,-0.782336094327433,-0.8902672353977604,-0.9006345993633257,0.5971285599339128,-0.23062176808939328,-0.043742529610915494,-0.4586959100928937,0.04263985515620598,1.1054859954985499,1.481535963706179,0.42906913873072644,2.581831969634897,1.4604094089082729,0.17957263884220315,1.963623547869099,0.44016350475746024,0.34947834269166134,1.356187981121546,1.7956743340265424,-0.762295552064905,-0.8614660418511082,-0.88085173370569,-0.8125117014850259,-0.9225170508692406,-0.8161362966677765,-1.3360568421678898,0.8205661750249571,0.30305026550864034,0.12638452600405517,0.17203030766176786,0.22183715462679857,0.8544245377820688,-0.3718623068280355,0.7293620775389464,-0.9073838757159592,-0.868230819872645,0.7528627008414888,-1.047110729300761,-0.4767373523871565,0.7503203010878935,-1.1260011628914643,1.392675866770665,0.07996180592324052,0.24099417766197057,1.3215275725127604,2.4394060910732343,-0.12296459272812338,-0.14739509204482076,1.2011803207842868
3315,1.596045405006995,1.5540811809951283,1.6766958169869666,1.5280988862802565,0.8450345637139604,0.4246431603377766,0.6745052769480541,0.5738790645407795,0.9761982234855616,1.6813802517859735,-0.09684284207459438,0.2048047777556403,-0.04859039580241751,0.6382526582991004,-0.31247932386109156,-0.05239155408959319,0.5475830126548055,-0.2505091994888212,0.6657282444298974,-0.31247932386109123,-0.8025237727995472,0.15634961060614347,0.5917718130832734,-0.41842476396697625,0.9835257729865095,-0.8025237727995467,0.2812407323231953,0.19209393390847582,0.14712514178653152,-0.26838396234289097,-0.8959004854793445,0.04243792041290209,0.015013285692977276,-0.009078678668580911,-0.2251542414475595,0.03258613710128024,1.0411836205579177,0.6770059865418853,1.4255015319909747,1.5514172549406182,-0.864515866279513,-0.4949627079079589,-0.5249270563635746,-0.5461761899709737,-0.6580928579376514,-1.0019063415652198,-0.888149372662527,-0.9866087782952422,-1.0082328085772916,-0.33497018881027596,-0.11357809248177508,-0.03299787894317868,-0.5690790721338841,-0.1693909878358968,1.1322559011458626,1.4481126847454295,-0.12302281087322474,2.5346781348693104,1.4446620419724532,-0.10302811273114394,2.0717840935763543,0.4569655788939156,0.03567129937516008,1.251425792014235,1.915290256933289,-0.8553522482706328,-0.7723356981367381,-1.0935532106344303,-0.6214562374990807,-1.1337858851146936,-0.6881356934145064,-1.3362413627626104,0.715268944059272,0.6008340151500219,-0.2955226255092326,0.6211394703523335,0.2679871072878749,0.7790111502910616,-0.88972960877358,0.2958011997538523,-1.0259390935241623,-0.970721979871374,1.0553432772379387,-1.0808287293549954,-0.506690438741405,0.21398442728592743,-0.9064431245995574,1.3924280379612404,0.15167696237214998,0.2707166186625521,1.2773355687366987,2.464738078681753,-0.11708019471440972,-0.1424666274628439,1.1610917651555972
3316,1.5279670520753463,1.3793609576638477,1.4293656787472984,1.4962764492509961,0.9189889593756099,0.7868959756879763,0.800467238638775,0.9435677898808793,0.9340120217532744,1.6663945595767826,-0.011384610071910354,0.17125693297267802,-0.0861602662920101,0.6079716413116878,-0.3388627150003555,-0.06416740197901177,0.4964070348135584,-0.2763637345226053,0.6187124144195305,-0.3388627150003552,-0.7713512147359125,0.1176886801745065,0.5310601881596897,-0.4252815657611245,0.9040405184744532,-0.7713512147359106,-0.7737815437041725,-0.5800769695637106,-0.19680096891498094,-0.13911236580150876,-0.48148727971739264,-0.15706809431155003,-0.0827010207400218,-0.03010635627071573,-0.23887549705060426,-0.03511737921149872,0.9938083580292114,0.5842078464961843,1.3765430045149443,1.515542285762337,-1.1101578168576267,-0.7479901763833382,-0.7793837500853703,-0.7338065980504359,-0.8387150900486452,-1.1462497188365504,-1.0329125190224397,-1.1222611549537487,-1.153727190003594,-0.08807868960849458,0.29013595457437896,0.2556067962422666,-0.5429827765787748,-0.2666675552144768,1.0699832124074522,1.646178064032031,0.04171279924885576,2.5095056183267586,1.4290526584333054,-0.25450607757327764,2.0922137265341534,0.4744935236113169,-0.05017354849311162,1.226217439511898,1.943363967305971,-0.9825650373101744,-0.840331315628945,-1.1090945532935275,-0.4361519196692167,-1.0461555871631185,-0.6262091790359023,-1.3503990326454098,0.7721992833660315,0.5663144950062691,-0.5260820150562951,0.7220639979813637,0.18247546736204504,0.8236846159209338,-0.8486244310777945,0.654155695125169,-0.9900865092459029,-0.9269581560356271,1.1951168670254382,-1.230045832176031,-0.6976750856593114,-0.24410610801345614,-0.78873075759068,1.3929235630186751,0.22547637843964657,0.32117442653367323,1.2309876201607994,2.4643947549575294,-0.07628485603578597,-0.15981150541726488,1.1189790469491383
3317,1.5248524684092506,1.5841054342655765,1.665327063510872,1.5936951878820693,1.1801867485881572,0.9921684224347856,1.0612643726944837,1.0765185736130112,1.2605707746342072,1.5309817674239368,0.13058963917009267,0.33363065040711287,0.12955786111748582,0.7292818206467103,-0.21110539375240678,0.3125162383312155,0.5031202410048303,0.031884097200158244,0.5897538579809771,-0.21110539375240706,-0.6698862999663217,0.39217243709979593,0.5065355752768781,-0.17486885718036863,0.835145923819007,-0.6698862999663222,0.7749505257203751,0.7140499808344742,-0.0005547845333859004,0.2410545426490393,-0.682235566740013,0.17109998175953317,0.07774265436452288,0.12326999055510518,-0.11115321849770121,0.041731404361653235,1.0561130249226547,0.6193193754325339,1.4438522763792077,1.6084717948591891,-0.42948226683914026,-0.19716735197526436,-0.16805445604800603,-0.25723920392023114,-0.45124064282477416,-0.8781387672883474,-0.7273281506119205,-0.8670887503837093,-0.8921993124695147,0.3098493691102713,-0.1206059207461126,0.07980816590772372,-0.45660488345682315,-0.01051615653802261,1.4277587685856523,1.7666925170267678,1.1116703720968315,2.474483747595562,1.41911123713389,-0.5111741906865803,2.0941529478015455,0.5290339597968008,0.09068182344517153,1.3099321282272618,1.9309961100235247,-1.1300050044763013,-0.8419354530315469,-1.0640771256365196,-0.47456237960426856,-0.9301897975058888,-0.6611061926709872,-1.2009851459545837,0.7563179998207747,0.5165624867546732,-0.4408495367213489,0.5501348041916977,0.11080585281175888,0.7330975673605368,-1.3591923242738264,0.05931885863034506,-1.3259821542386956,-1.2519694875045437,1.4069154499229726,-1.258786922192032,-0.7058199544971892,-0.5492139687028532,-0.7861205933387623,1.3989300423394715,0.3346728805580503,0.38954542437109974,1.174406394843345,2.455075441769048,-0.020355055225061452,-0.1827016273225543,1.0507200674246484
3318,1.6071518569073298,1.5704836154376822,1.6986552797458434,1.7133380908677365,1.2579000798750457,1.2109530858154138,1.1395686110040972,1.3193439717737323,1.2105012791904222,1.5536415769867375,-0.00839547614210095,0.5288088141965307,0.38335132239134667,0.877060825861926,-0.005655886503865026,0.5009101302531725,0.557618160559127,0.286334120938376,0.5896195651430165,-0.0056558865038641454,-0.5139125148910353,0.6059534459735589,0.5175360027029272,0.07130420530418957,0.7825111637468984,-0.5139125148910348,0.1254341226877738,-0.0322478728854124,0.27239157497625877,0.38337592683800076,-0.9495330771401853,0.36084625441534623,0.2609475320943473,0.2546546614533626,0.05511750374740659,0.13804623574730493,1.1365694410014149,0.6759593805480444,1.5269150834741874,1.7217450091375164,-0.4092924258729071,-0.753968826024321,-0.6330012040387417,-0.6580749635744257,-0.779211102744725,-1.1147900299633524,-0.9675076487416973,-1.0916664506554086,-1.1286279483266635,0.3832292904014772,0.3733518610370232,0.18807125022672375,-0.00905550623151047,-0.10400538021436624,1.589755708365191,1.8178223348969749,0.33940802523588665,2.4380403254076164,1.4156570614583712,-0.7504471051473621,2.076474078877483,0.697021143766094,0.29499479359686925,1.3707165599948017,1.830023247881154,-1.2486173616654568,-0.8410247909492675,-1.1255930032354988,-0.6159618472368287,-1.117218107145514,-0.28184302983730236,-1.0617429295715213,0.7408933016553237,0.588035368561755,-0.3380097146638564,0.6153000820202703,0.23415590855794324,0.5405911526058615,-1.0981196056807851,0.8521574988042441,-1.2814004729660244,-1.2002609857827944,1.537411773303588,-1.2160688601544474,-0.6223999728240409,-0.9139077333898362,-0.8575383915390898,1.400216583685658,0.457745303441647,0.4024307685609695,1.106618887515149,2.450779079742198,0.02855254712482089,-0.17789063763203006,0.9876349485205776
3319,1.8126988538461564,1.721672920884304,1.6955909477081155,1.5216490835959644,1.322538299441872,1.2223430620422195,1.1362301244719935,1.2986706471316245,1.5983985815033186,1.54402844980008,0.11724055689885139,0.18589611061120326,-0.044343520364514555,0.6028012946816603,-0.16336012595214577,-0.38363719736663515,0.4955206660493983,-0.33766273232442934,0.5677481209998845,-0.16336012595214566,-0.517286578787543,-0.013926998964069117,0.4681442870276747,-0.3489576645022519,0.7296147300070095,-0.5172865787875431,0.008687661510213178,0.5345081382427954,0.6662115703466714,-1.118350746575659,-0.12031313035940346,-0.10736265314629527,-0.02285310154551903,-0.04759076587097676,-0.14043815106031632,-0.09734681232986332,0.944866249020399,0.4612673587427464,1.3387785922923183,1.526319688029841,-0.4502428586287266,-0.8937525851955842,-0.7679264287871985,-0.7190364119751754,-0.8470357838824267,-1.1740582100014754,-0.9966960119422089,-1.1495748895008755,-1.1921419744377055,-0.5786740826593162,-0.13686106562429573,-0.258870989040876,-0.11669305509310647,-0.5169463727864315,0.9960762353164719,1.7572674407480589,-0.48980554282785627,2.413822750641698,1.4034735473457747,-0.8857970129508266,2.106618376165373,0.8869306697910853,-0.06366735562573803,1.126881194726786,1.7728605879938775,-1.3439529693225876,-0.768266021420461,-1.0893478350399852,-1.1181055223798333,-1.0941163403634848,-0.024704957964568678,-0.9727534135777594,0.6518593691745597,0.606753533334846,0.2774479027351918,0.05492289218252792,0.2380564063804725,0.4700149041504134,-1.6015353874266873,0.047029642802806824,-1.6758929037273371,-1.590259607106481,1.6413914793688653,-1.3136895967797109,-0.772690200297925,-1.1104712287660372,-0.9564297817403279,1.412921906385594,0.5348996957134637,0.42616294270247734,1.0403420151020193,2.433629498123723,0.09558643737288629,-0.1922310330133568,0.9274697656665191
3320,1.5734983535484428,1.6248971073158571,1.722920241486401,1.752108392087414,1.2694430135829806,1.2244395222659068,1.188459869411327,1.3888488679494055,1.4372635414324824,1.5776820867744576,0.2944578906065541,0.553274666124559,0.4283368129035296,0.8835237028310755,0.04772662574877879,0.5131329205740154,0.5591412807848084,0.33141347804818555,0.5755232766077698,0.0477266257487797,-0.36640058309740375,0.5877922854789793,0.4916727267569,0.15581124400890178,0.6925100963680503,-0.36640058309740253,0.10630206763528947,-0.31540878491919677,-0.736951421309718,0.6520574033608451,-0.8076308078013105,0.41172592909894046,0.36535988367849076,0.29319787008269693,0.18926847432505864,0.13971881921290116,1.1420577478519776,0.6538905148174626,1.5224444109805146,1.750235111618136,-0.20063889685477967,-0.6804316573033703,-0.6864548525235425,-0.5917295325438715,-0.7709750741621417,-1.1205384266953144,-0.9146930103566626,-1.103346241966281,-1.1461982161621302,0.7263610889658694,0.32341230593477777,0.1450442175824847,0.16750556102242573,-0.3642914978476956,0.9633669605700875,1.9642018409460773,0.6733532340255959,2.377411165155926,1.4066439818606473,-1.0105643676346878,2.0795596736676307,1.603232157496248,0.3331046540158772,1.0864538132199149,1.3539322877195374,-1.363940581350847,-0.8190555686040247,-0.9126774500961244,-1.0700156012506306,-0.5837434171380184,-0.5239568643258739,-0.9928157619306933,0.7032129963416616,0.3760397614499455,0.38924196754100454,-0.4768897009720814,-0.09377507452677097,0.6745501410502344,-1.1072148472073853,1.0530335588592876,-1.5148479717389833,-1.428627999728216,1.6410231126471866,-1.2371649986971671,-0.5947159193503928,-1.4966814082136544,-1.0122456568359375,1.4247306174116514,0.6119990600265558,0.48580249401825626,0.9539702021669431,2.4158394662935847,0.18225013757414685,-0.23404181332574284,0.8807299251793786
3321,1.6248376023318687,1.480570367823512,1.5404136845401346,1.3876266459903104,1.3752984523629788,1.2932130226685505,1.3750364192140558,1.458630382907956,1.3014502007614024,1.5978692967700314,0.2913547870905028,-0.08793044996858093,-0.33417530173639143,0.3555717398874622,-0.3275494189000317,-0.9101670696215792,0.41834372170846934,-0.760298831079689,0.531402770314628,-0.3275494189000321,-0.4863952368138996,-0.46760774074804506,0.4013924055915966,-0.6355109331292758,0.6431061325747154,-0.4863952368138985,-0.5966701621276939,-0.4936545833183405,0.17106110907143246,-0.9473111039456962,-0.5736720486675562,-0.5618939639338826,-0.3102814753969871,-0.2407150043465828,-0.2307738560049243,-0.29029231603551947,0.7851163813447246,0.2688783304260108,1.1833752126215087,1.3812037752310753,-0.28216366704263046,-0.6780850768268318,-0.7455825145321081,-0.6234796432936834,-0.7886407825819507,-1.1365456448555442,-0.9272817612124479,-1.12131914810749,-1.1676199974780603,-1.1315063928325555,-0.13319377631319307,0.11204825945475594,0.142297909939743,-0.5982142567556478,1.1053569518023985,2.0392242126668996,-1.208500729904583,2.345518845534524,1.3193022309082116,-1.1965801900179112,2.0528936212831734,2.562335297679267,-0.250674914648194,0.3780289719516632,0.7951186355160559,-1.352495164000758,-0.7869872775500143,-1.0813921588409119,-1.1175292900733953,-0.7443860825563711,-0.6900530249337932,-0.7723066673123382,0.6704753426691415,0.5864972755514498,0.28523408566142305,-0.34553609587926426,-0.06566959381879015,0.41948044678225205,-1.115723139251301,1.0740235587847031,-1.3780260462586322,-1.2899844309835362,1.6566727069602776,-1.154279703294994,-0.45256186357980344,-1.8514358883789905,-1.0624207277472473,1.4241229215897342,0.6882079256037404,0.5501820198147346,0.866440028036368,2.355453052073321,0.29868616413538385,-0.30404211812295323,0.8408537109651012
3322,1.195079896199071,1.3089293784302458,1.3130649863218675,1.3013909751196069,1.424935299210221,1.3335067891556331,1.2721270230490827,1.4937202886603267,1.6144446775650005,1.5465552643064282,0.2741964019020182,-0.21684473583845645,-0.47737753808841615,0.2434204982450929,-0.5646608699726029,-0.5756032311581246,0.28162959802920784,-0.7314741077922463,0.45413887653212104,-0.5646608699726031,-0.6008287212189042,-0.44640430925034574,0.30175658920432075,-0.6959453462714416,0.5818268639448266,-0.6008287212189035,-0.7511296836048991,-0.597319237206445,-1.3636820439748036,0.3793126909916623,-0.23481704219446162,-0.6481708651109694,-0.4005140509368469,-0.3421175494078481,-0.2883072540104552,-0.3903973954994501,0.6807070961294677,0.15388463892660562,1.0885561721622266,1.2891176929978478,0.3701833118808018,-0.2740961481882913,-0.3116809604197331,-0.3282522804150904,-0.5353943284791906,-0.9624480873235276,-0.7394584567477667,-0.9767206562954646,-1.020952264234042,-0.27415343533226894,-0.38424715074395754,-0.35497035851880127,-0.1591891780961667,-0.6566576508565044,1.2454486739286812,1.7346675161850256,0.060146595547806124,2.3225636168087873,1.2085343206847365,-1.2513383207396855,2.1140885939702163,2.5731152811445113,-0.48568970237566933,0.2844435622800524,0.8593234298097813,-1.1221478991388076,-0.8182382255471793,-1.0902995827817104,-1.1204944582401584,-0.427020337162977,-0.585295374360299,-0.6334954334850138,0.7318054989252079,0.5736818711076306,0.2819598738076231,-0.7136867398574519,-0.35208866669189526,0.4111539522354139,-1.3206978169749577,0.24863599728668295,-1.679899440255548,-1.6046911443524228,1.450740023537198,-1.1040057531271412,-0.2870679890298518,-2.196586212616368,-1.010737147648299,1.4219930246241508,0.7621511626948052,0.6252864567338469,0.7633403112389398,2.317323667272106,0.3895593723129587,-0.31127842984040366,0.7744754714782459
3323,1.2745730990138413,1.2529990486769016,1.3403330003390561,1.2908738456754987,1.711479923872077,1.520121101460617,1.5187745560087087,1.5727087272829243,2.459179629568069,1.273287982386726,0.3547139648940863,-0.22189630939107163,-0.48118575826357596,0.23769292342668472,-0.6190755305085113,-0.13261160870648814,0.18532274973279078,-0.5127085393796299,0.36885725597394686,-0.6190755305085118,-0.6595749339039444,-0.22957206095460506,0.21714475655397064,-0.5882229260006945,0.5143286433595545,-0.6595749339039446,0.08190795696422375,-0.20579737425381803,0.2446194417291754,0.03416335235681552,-0.7042886906305735,-0.4487603831419794,-0.3982746419773372,-0.3657506840001929,-0.27769379327557175,-0.38651726741189324,0.6462997283076162,0.11627172374575506,1.0609699794827652,1.2712126765688387,-0.38583527562983777,-0.5146379946230162,-0.7773492865459763,-0.740851674758644,-0.8161434822138103,-1.1801634762149755,-1.0024633807085208,-1.184013693964372,-1.2326107101667476,-0.040096520936134104,-0.5651900663604227,-0.13826493404891285,-0.17700029704016726,-0.3294931654657092,1.2303513640404593,1.8019226167195173,1.4429564599591254,2.3057024885198656,1.0977685771627468,-1.299228886565361,2.0867441324973868,2.538550762453197,-0.4890943139978635,0.2784499188441548,0.8524979043082871,-1.2317202497514788,-0.6269796706713517,-0.7934351704673909,-1.0237904345015854,-0.29997708809317686,-0.405748909150089,-0.8719802657584548,0.5149764150373031,0.3937825877317697,0.45400955788611336,-0.7573766936059139,-0.266037885860828,0.6714651352226594,-1.8894430282005088,-0.568240375163684,-2.5315909463119084,-2.451844809011756,1.6280195420647583,-0.6438591043309638,0.05295447662056836,-1.5487738344756783,-1.0207458426826028,1.419912079895643,0.8259553256519528,0.7773471517581578,0.6481816953428283,2.2645620428290156,0.49727624904179224,-0.22111751991174058,0.6817641829010281
3324,1.3489535256245733,1.2298824680790998,1.1257374357390968,1.04347178073095,1.8305690972865285,1.8151566071727894,1.7290949565340918,1.7685619334284526,2.0416081135705557,1.3282839337932555,0.6586159466833935,-0.630763598663933,-0.9390272100822702,-0.11443491907438555,-0.865891993798709,-0.6044078949751066,0.0025733575116398295,-0.9592720992239506,0.24784674798355216,-0.8658919937987096,-0.8203164083868102,-0.6312936769249821,0.0766841851071279,-0.9632295326902833,0.42959223910390454,-0.8203164083868102,-0.7195062153182171,-0.08462952330356237,0.2322528600092654,-1.2064709621267427,0.40440170353236754,-0.8824027712972514,-0.7419686301725422,-0.6839472457395237,-0.5604154704232707,-0.6535666875380888,0.3809833802308195,-0.14836029464863357,0.8210245378856991,1.0160235644422393,2.2723722134865363,2.1011837072039463,1.544695850686273,1.229082369241368,0.8557186930002894,-0.05294121572630519,0.2894584243987961,-0.20959451760678283,-0.23386627401433557,-0.7866362622118394,-0.6520877354493649,-0.5564234045391074,-0.6077827403190257,-0.48350161589254453,1.6428302774283559,1.4725212668480085,-1.0368302874593194,2.2656780587087955,0.9902564124397955,-1.241990578142865,2.0064507413660153,2.5300916470284065,-0.8120585539830409,0.034541004311064986,0.7703982747610321,-1.3535964753724106,-0.40134043576351014,-1.0021044083099564,-1.0012126119585913,-0.7406023468636093,-0.37581301050059107,-0.8370578801695658,0.2596860815645205,0.7955006384725909,0.23073572506452042,-0.2308702239856717,-0.015249942487121757,0.48068327471014083,-0.9304864960874079,1.7378567891897256,-2.1171841460192224,-2.029473317825461,1.7696625567834317,0.06623759929743465,0.3647012995121097,-1.3806481471924932,-1.1166428505328774,1.4169416770009666,0.8619074200457143,0.8836717912777355,0.5260712989422512,2.225736913996165,0.5829357734810994,-0.10342579234671324,0.5913793627983795
3325,1.041412538026098,1.2075254778337354,1.183222322311773,1.1052804188124006,1.9748914765618697,1.6570673220928853,1.8469973026102462,1.8254072987180934,2.047260362309981,1.2822198591417509,0.4684646114108129,-0.49058820661802777,-0.7389117547066907,-0.018620233467961735,-0.7875566543373624,0.19020872996874774,-0.08291950103215733,-0.4465086411371305,0.13681921523118534,-0.787556654337363,-0.8486726516236133,-0.11593636473243435,-0.016669986185180896,-0.636240971526407,0.34123276189164825,-0.8486726516236128,0.19345984932740742,-0.07759696824827096,-0.991533220605345,0.2238066616802975,-0.05243415568454881,-0.34220773479583755,-0.5589677789645852,-0.5412768894972653,-0.453211580711813,-0.5592208331343518,0.4010572386438535,-0.10695990260826084,0.8594461246207779,1.071959968191825,-0.3233458697964409,-0.08022481042890915,-0.11128042709725722,-0.3236938856436715,-0.4464398523950672,-0.9019801112184475,-0.7305634894768384,-0.9828196772283732,-1.0270783181593044,0.19363797150547557,-0.8758938374867463,-0.3976301088163987,-0.4035861271572641,-0.3438173258136177,1.8576606797509763,1.396536413983113,0.49763778482008936,2.2005068120887707,0.9789784604113468,-1.1899028587958027,1.9823864965310074,2.5940563754829187,-0.692862724594831,0.059068845050553084,0.7049256224346523,-1.2907007906763586,-0.26453772666181846,-0.5008778875419215,-0.3892491613538303,-0.6003324406019918,0.11501674250601855,-1.0963977675640597,0.12139636212738983,0.34930027511459116,-0.01619754359926185,0.26974430161339624,0.1963980623484375,0.7657936813990022,-1.2035032647525936,1.1399636597134142,-2.1180134096739884,-2.0333347348735367,1.7465928253863712,0.3990452562880816,0.3068107047979093,-1.0328220120345957,-1.239074623062976,1.4069067026572457,0.8496509383688076,0.8731743457038749,0.2916458539053881,2.1992461200311446,0.6418109658938661,0.055307214259470036,0.5022022978071571
3326,0.9176743837449927,1.0401678768963691,1.0245449378748293,1.0246463073570706,1.9463044633284123,2.0418300058085546,2.0100832948551277,2.060411215949959,1.5799034032129813,1.4548755611127036,0.3972015437825395,-0.6159386721734333,-0.8799265065993882,-0.12857419421313357,-0.7487628857090242,0.099330372079007,-0.17331451578245238,-0.47422913860024435,0.030642135350413824,-0.7487628857090246,-0.8761665681767498,-0.11284398179661023,-0.11288994000101302,-0.6551258315778737,0.24918995055938128,-0.8761665681767491,-0.5350877915527771,-0.5910921441310151,-0.40729668616582837,0.39992836813225285,-0.07752248568859317,-0.36561275710717905,-0.6228965066482404,-0.5926153275760465,-0.5453734689163492,-0.6213065709501943,0.28144910349771785,-0.20023131323909277,0.7739016813520387,0.9843393545302096,-0.5036206827594518,-0.21512047689568273,-0.18526025360537351,-0.376254827197727,-0.4720086877776454,-0.920875125505764,-0.7774251240409327,-1.016963049044116,-1.0671608192025321,-0.2591415663719111,-0.5044045361947277,-0.4483211699388279,-0.205104145790261,-0.14808554019082038,2.181257562453804,1.0672557980760802,-1.0992212044983705,2.1279970155298367,0.9770573655657908,-1.072983521104135,1.9318783372879016,2.618784407255613,-0.7735487730349879,-0.038637556612971274,0.6305621892378902,-1.4008633287597245,0.07123812341691059,-0.7108883223668467,-0.696655981341656,-0.77296689297646,0.4719719185858988,-1.2009846000587021,-0.25014355843030023,0.8361022535129816,0.14740712840718556,0.1349611689225227,0.2081359140946889,0.7990835298339263,-0.9092564315426873,1.959640039661908,-1.654311850721161,-1.5628930932085847,1.8368676585941426,0.45094524805267855,0.19956736489462207,-1.139243889335175,-1.2456237725604669,1.387685253680344,0.8264217740035027,0.7033140235295479,-0.014303527942776747,2.2017235302656024,0.6652612203596141,0.18545556078743833,0.4167802882756668
3327,1.6948061347607055,1.6656228626327467,1.3082737790756978,1.3109827812839518,1.3412012773237867,1.986463181507885,1.7478537198157198,1.4456664310753793,0.3024054269010312,1.8207634860593227,0.9339684206836053,-0.03132138333250473,-0.0857795042308614,0.2892047284355742,-0.2865816737274024,1.1355718494367362,-0.0868844670941646,0.45473244214538555,-0.010070330461438452,-0.2865816737274027,-0.6792113422991798,0.7795273730584875,-0.10256802176211012,0.0715769078767083,0.17748221508975598,-0.6792113422991792,0.9677762659393452,2.2316167813090058,2.5455118152348017,-1.5116811595960915,1.8065528609303678,0.45976687432820573,-0.05199331728534335,-0.09663198005734663,-0.15940888994594363,-0.27700943019617486,0.5052259920103329,0.05378110915331296,1.0174624157610002,1.267414773369286,2.3073125416998774,2.87228571912779,2.9282739313747066,2.2071757175421904,1.8392923155121266,0.7113692971462628,1.024449398180674,0.34489957431546986,0.313860584490939,0.9249290027499736,0.006892310551008858,-0.26703887809552684,-0.2972599366326102,-0.14290635285340714,2.3065574235934334,1.3495052383878365,-0.8319198834692377,2.099085706818852,0.9684100471921556,-1.1862231720284617,1.8716228750925745,2.581404162155864,-0.23153372981968354,0.24410001864744515,0.5808890820873837,-1.48035285693905,-0.36978819182807104,-0.6490186724687605,-0.9605535763993912,-1.0069801655406807,0.9525946218534977,-1.3152498606731653,0.20766831250783346,0.4353765275264456,0.5180534851551578,0.11831973253249035,0.4572519017735538,0.8193118012761402,-0.2299411963420221,3.1374895968524217,-0.37880483260194747,-0.2843250923874129,1.738859718560338,0.3994572520273246,0.2016197296880995,-1.2060670787499526,-1.2050102033894752,1.3525974969519794,0.855937924529623,0.42544737093331164,-0.28641530565133383,2.207677229483613,0.734585087503543,0.2176052761661531,0.3389307641389411
3328,1.4057141789594114,1.4565216908494156,1.5272672646552563,1.598363931175445,1.4328599656747933,1.389182918020552,1.4013971630513267,1.507766915312911,-0.021495812924207654,1.922284481077896,0.6102591222672827,0.4644371311412607,0.5093679391793314,0.6753577150908039,0.29779996424758903,1.4330949102691772,0.11112189590451692,1.037882796918171,0.03236469862886441,0.2977999642475893,-0.3482247234160671,1.308187732922387,-0.007603921942883842,0.6463875052793008,0.14073650429806714,-0.348224723416067,0.745001049795737,-0.7275920307227812,-0.9297685938800692,0.7090554257943078,-0.6072759820037656,1.1143009212369337,0.4943951268369393,0.3606710654986761,0.21182195374381702,0.06859556900456495,0.728132915726318,0.30718981952990343,1.2631761898340041,1.5522206659574531,0.028072760386599505,0.7677125961152336,0.8442343798604698,0.5791063056066192,0.4840688727105801,-0.21504465826894154,-0.0016100427538304062,-0.431742339403134,-0.47489209048180353,0.9252844453479668,0.4221229769634218,-0.10782744844022725,0.13658440194958016,0.07934045830878451,2.4947205426344774,1.8052937470499428,0.5025410428752931,2.107370168414415,0.9850234552703946,-1.289660088953951,1.8140278935955312,2.545343837240265,0.3151429745582444,0.5314693760655002,0.5323157642535774,-1.3764020916319275,-0.7981132716985524,-0.8747277129441131,-0.8596683102858772,-1.0450261966415695,1.2252713417626568,-1.2546079978250584,0.6761106636733457,0.35695401687398504,0.1866596036594943,0.2714576958315096,0.34062622996247305,0.7531069622762819,-0.9124096077758087,1.590201681908757,-0.04928343838425697,0.043613618302098034,1.6636691568694437,0.4593452897813429,0.12007175957374285,-1.3883526838499363,-1.2206844692273102,1.3144450707353075,0.9313930258047904,0.023836542825064932,-0.5432562096695572,2.19957322061216,0.815338513539423,0.2272675165719621,0.26470170185115427
3329,1.0937682240538342,1.1429325401069887,0.8254280514776206,0.6460136975530798,1.4451353209683242,1.3239940588256045,1.3730028128522722,1.4921033472326077,-0.100688020649186,1.9674820582871957,0.4788589520228651,-0.9703667983102134,-1.0660257875954182,-0.6153341102129997,-0.6436778885252661,-2.2885556258159014,-0.23074994301678328,-1.7782243224156553,-0.059591049295137206,-0.6436778885252668,-0.7001946990802171,-1.3882292225837034,-0.21376945667193423,-1.392559759553763,0.06592082955989179,-0.7001946990802176,-2.3506458318352292,-1.109490058350951,-1.0190077719014978,-1.7772737771771783,1.688375162982825,-1.4149543267736715,-1.0890659323268745,-1.0756669279824085,-0.9627895801297854,-0.9847900501536165,-0.2085139157405313,-0.6430278462357728,0.3919326306096495,0.5858675844024286,1.4648627403937964,2.0396378694527875,2.3047546937824346,1.8844757643763954,1.8313122611140638,0.7860218967662205,1.0775071663970768,0.3860599161078937,0.35952701291692096,-2.9691734985398126,-0.5592176335928466,-0.8459968738818043,-0.8003291320330428,-0.8986435457711144,1.6768936240001362,1.2559384959873947,-3.270666598380851,1.957121439915762,1.068960942927913,-1.2409030426372976,1.6914627649219207,2.510524700976271,-1.1255968228388245,-0.39670476329930904,0.4059471639897011,-1.2795687731379128,-0.7117457044756795,-1.0229866097925457,-1.078146677397849,-1.1250043041713256,1.5457709666011945,-0.7931781262844422,0.5963473455043816,0.5883380002546246,0.3068603789451361,0.12730171831804646,0.3141372681956526,0.3078825620371355,-1.0915941192245548,1.047630905328057,0.03484567720868093,0.12365887670846487,1.5732382932582738,-0.5158418956975652,-0.06813269865459277,-1.5106855644999142,-1.2048852697896641,1.2181152082675948,0.9654987866912853,-0.35711561043825535,-0.760684280682279,2.1501736614508613,0.864063494219675,0.2305969030291043,0.17408603993888697
3330,0.8158901805316381,0.9349201833712789,0.7884991470549116,1.1128611817116234,1.4151965722412967,1.3915690882127523,1.3704574557586457,1.560031498690034,-0.09123313358693004,1.9712212286354296,0.4944275464895919,-0.27967346102175866,-0.296196000589223,-0.03470876453382098,-0.3881682659958313,0.6205704736382144,-0.21452062786145576,0.08623300473007273,-0.11532409395625218,-0.38816826599583165,-0.6038031466525021,0.37836309332701584,-0.2356982616391502,-0.14530085524329203,0.0010216475348242323,-0.6038031466525022,-0.13596223207993252,-0.749529621624687,-0.9218542281420411,1.1391408218193857,0.7196467775741663,-0.07512957339370768,-0.12387329430569019,-0.23375076755249347,-0.32384627176887265,-0.40073178119767083,0.18846611414662623,-0.19831319315214044,0.8054723753971392,1.0567983289553002,-0.2579606160436589,0.3845332763544783,0.596895700313483,0.5792695357665653,0.6013628710963798,-0.08546619440965426,0.10757280285602994,-0.33881991467002903,-0.3830470186063728,1.4979264539715376,0.0029494809567500993,-0.6173604324762366,-0.3353672323339818,-0.3830516853806575,2.1329714695072295,1.5011741847988744,1.5836571780400113,1.9201060879731973,1.0585539022604935,-1.185203454693068,1.6550601839626242,2.6363707474386016,-0.30863115160158827,-0.005222544530529024,0.27367964269709794,0.6791909744471939,-0.3951612272498903,-0.004897105545831043,-0.0614862952969232,0.03641376152319842,0.7202213386110283,-1.1513909447292385,0.5066413262732374,-0.2976117872850028,0.06861953464262598,-0.10902684646192916,-0.035776411360940515,1.0532678649358196,0.6408971341046222,0.8108061635352646,0.12646366492370664,0.11366617428096971,-0.24154111577116644,-0.6696314449517106,-0.13292084726047682,-1.5218460766858677,-0.379551481189867,1.143861576494603,1.0126188980119872,-0.5987927990884289,-0.8543776515157703,2.123861679071767,0.9346382828256957,0.2182258150606505,0.19491638631353927
3331,1.0835707381327278,0.88990636807354,0.7794205235276332,0.6147601453968328,1.4595453341678513,1.3695868618154,1.3840887885306359,1.5250925594234024,-0.17050972072231374,1.9136741748307828,0.9883644301260374,-0.8366665287042495,-0.8535132941715283,-0.5913393799865352,-0.8201572676446399,-1.0509611609278842,-0.44383046420332933,-1.1854162065246394,-0.233375388754988,-0.8201572676446407,-0.8113078815689966,-0.8207713465357821,-0.3974362372167562,-1.0851905068105654,-0.08674047098171762,-0.8113078815689966,-0.03944324488919684,-0.16990014970149056,0.8860329659846077,-1.849397033920828,0.5157800537410935,-1.2812971504827266,-0.8974726200938754,-0.9307525120679117,-0.9348792887841355,-0.9244298989044203,-0.3216254721062182,-0.6955089243202177,0.338980512717142,0.5498963612871933,-1.0741224908589753,-0.44084316992364514,-0.26918403348907843,-0.13401210143299525,-0.074124524782134,-0.5538079837983035,-0.3895814409767559,-0.7298641861820989,-0.7876144896181554,-1.5745744917753075,-0.5820057125515046,-0.7569055037760666,-0.7227371508789506,-0.5270538280647282,1.8173211948640193,1.074759484189911,-1.3373617854129283,1.8000716596001218,1.06979959736939,-1.132596273095685,1.6368794945160206,2.69210666178265,-1.1228896126034698,-0.5310514970737495,0.20308243420071317,0.8567817297067243,-0.8026077842168758,-0.3527337482278809,-0.776007208823363,-0.6133437471602204,1.0781087936822,-1.0485327590214115,0.9626131195491464,-0.22613090538659628,0.5902443671613192,-0.13616783468649926,0.3109261092871556,0.7261565044323744,0.9155930039677608,1.0612441856978256,0.21511577211390387,0.19430152808272505,-0.3939480736587404,-0.9852205948737338,-0.3037802628402936,-1.5084220696272899,-0.12766231412084425,1.0293093639681972,1.0111533103938934,-0.8801019003509442,-0.9137877034443663,2.0882568273067315,0.993289461087964,0.21501649481348006,0.24185713827671873
3332,0.4658526775719903,0.32628728400659274,0.4377573144000926,0.37116277840430106,1.4564483934605355,1.4692092966211336,1.56017404879324,1.6210224133009592,-0.3781606418816644,1.9053849335808482,1.0704239152145956,-1.071774955625184,-1.0796039763530314,-0.8393483931689892,-1.1696066652978454,-0.8560023634621345,-0.6995115924314032,-1.316654763859887,-0.40247958262087197,-1.1696066652978467,-1.0421980690193797,-0.9172940062604403,-0.5920356148433019,-1.3001633125428058,-0.2001841178033864,-1.0421980690193797,-1.185031989806453,-2.0232312107008323,-2.02386441323659,-0.3992810090083413,-0.7142961525290661,-1.4503259863317537,-1.1775678381465713,-1.1471490985867763,-1.1713822301047672,-1.1425264500192969,-0.5831350359828613,-0.9303887465455111,0.1071758977977949,0.3020506824959617,0.7436429638073827,1.0672253048281781,1.3277662093117444,1.466935284992104,1.462051304946032,0.657736409703246,1.0192867424884426,0.24946283010758583,0.20286811506815572,-0.7926997290339722,-1.3044970741993227,-0.912158790110633,-0.9996749672260449,-1.0314688779582508,1.3980812599328616,1.0708703764062117,-0.7512018950186317,1.636046225520322,1.139963849664779,-0.9701422493648951,1.4092070353378081,2.6636201103266135,-1.2424528145524676,-0.7747454112645541,-0.06359433996593235,1.111108040605495,-0.3757908341630375,-0.12850177962204873,-0.19257305082425377,-0.5235697467065301,0.8008127758888836,-1.2525224913847761,0.5406469974313584,-0.14660770312784543,0.10718145239458882,0.3962289561155456,0.38133462332628365,0.945139592635428,1.3131344405759775,1.3855678427739393,0.4363672351346704,0.40359569200078477,-0.6317876086032931,-1.2609412448337096,-0.5206800437308707,-1.5327272766465152,0.005520546433762937,0.9107195090082926,0.9536521057445153,-1.0691975015091808,-0.9124772968084259,2.0297352911077784,1.0589335432350966,0.18068982316741894,0.3067773646648129
3333,0.42655445348376064,0.5102777980992654,0.47536311275834897,0.6539942068721073,1.3475961218320136,1.4901421448860654,1.4260583880876305,1.4910819563205295,-0.2906933319156815,1.79836993950523,0.940512524522339,-0.6673333781547853,-0.6278834528658249,-0.49221968522420206,-0.803403918361304,0.8889415130179277,-0.7095394067432539,-0.0515949536080043,-0.5190456054439815,-0.8034039183613052,-0.9583474813388204,0.32529947661466396,-0.6543607256301103,-0.4155317831215827,-0.30509964584775284,-0.9583474813388206,0.12290932314383628,0.6661348829454536,-0.14037676339166916,0.8798530149041377,0.12630886526363116,-0.08239468370512226,-0.5463127792722908,-0.5851263026207697,-0.754044905123883,-0.7741764193716378,-0.34907748252834053,-0.6596985750221861,0.3515506488190734,0.588869231257346,-0.10398169195725387,0.17758141481441184,0.41970446090466357,0.8254537257666237,0.7480035806367451,0.1826044491421181,0.4609671744812262,-0.15547323825054749,-0.21529183686823186,0.9093095266758404,-1.296923860012174,-0.6306054336435609,-0.8663170266199496,-0.6260492968046285,1.5609046109903024,1.0543585816421412,1.464707855819408,1.5680866887600435,1.1541402377658807,-0.9263916536385216,1.39675280676022,2.6229912085389677,-0.757753775008119,-0.49608808898517676,-0.06970687899862427,0.9570436638914511,0.7651286789742286,0.16004863204788156,0.31935068206135153,0.30156227315483625,0.28047566459504286,-1.2957111897280078,-0.6929166362568279,0.4128375565865331,-0.22817004847304737,-0.0017836210458260287,-0.16243922573211983,1.281856264064259,0.8000719352051245,0.5651626814303661,0.34084154663088145,0.3137613907766986,-0.5200846451040025,-1.358511032418187,-0.7877193063106868,-1.3370292222856033,0.00940359502934155,0.8238599948386722,0.9101367915342168,-1.1380000337813005,-0.910743685875152,2.0010481726975464,1.0975686247454775,0.17079152816613866,0.3601836607069868
3334,0.5459349419755822,0.7304926788779188,0.5928798710061361,0.8874715092527912,1.31470667739573,1.3657049880408092,1.4922305442852433,1.3463672137467129,0.2601962937646815,1.5834471839291107,0.9837687129865743,-0.3533268990929731,-0.28322807114687015,-0.2165701252648975,-0.2399510022872403,1.371450434822887,-0.5881494743019616,0.6270879183915696,-0.5539774296776195,-0.23995100228724087,-0.7098458855500107,0.9824545041642063,-0.626325061901671,0.18811770183259444,-0.3831434558952497,-0.7098458855500109,0.40213151500525457,0.7935741152931063,0.3929263088277903,1.3224657400748292,0.7000435422271438,0.46191137744811117,-0.08908151742540878,-0.1441612049836582,-0.4025382297920801,-0.4729814621806443,-0.1460562814428829,-0.44324844904264743,0.5531191660009944,0.8245414977213225,-0.06122163942426744,0.017507343248455622,0.1301609484452938,0.5755879596017321,0.5544685215160751,0.1141219737321907,0.3367193899143906,-0.25807953736130274,-0.3212541520699946,0.7440525322410183,0.3213936422602636,-0.1704204282620692,-0.5319894824198136,-0.5885197713664166,0.8075259218448853,0.9901355931233577,1.800673339928216,1.5323608065892738,1.1053633736815598,-1.0021033271638025,1.3844792356619062,2.583897051739459,-0.35463301193144225,-0.2633675163486783,-0.07588090087015924,0.8254692588999273,0.8712820432742081,-0.30612686296582875,0.09567214757400813,-0.24466054145129126,0.3636083429516767,-1.2958134952528841,-0.8227068456699084,1.0087396228738519,-0.40470364464015024,0.38974658925009403,0.013658983465417248,1.0863809519506036,0.09346437346203702,-0.6599926864474692,-0.21769282982404534,-0.242107265170589,-0.4077877226297478,-1.3457321757067142,-0.7996035726886759,-1.1023958226648474,-0.028324185430438544,0.7901765962358283,0.8985807596456032,-1.263362087875348,-0.8417176626076355,1.9968085975636334,1.1385636437563884,0.20549485250750488,0.40588975250807346
3335,0.7362218326623126,1.1336445563028248,0.9263112201659182,1.1875559347307016,1.1543650655111704,1.23784264323507,1.3089269599471363,1.2391683791564552,0.0893931036197534,1.63355433516023,0.9291660089437604,0.020260360182019124,0.11763668297196393,0.12010412131132568,0.41518508455283387,1.5822520335971124,-0.35315992811361424,1.2128611551774542,-0.4942246485173263,0.4151850845528334,-0.3279824716098956,1.504614984312447,-0.5078108657501552,0.7953376469136153,-0.4194757573295721,-0.32798247160989613,1.1487820638003592,1.444137788370304,0.6297400203908151,1.7327641536906147,1.0436475377007455,1.2975785885142446,0.4499357096311642,0.36777727483046524,0.012805042763141511,-0.10811183286095298,0.12089090292129821,-0.1598193282619946,0.8153548358999195,1.1272387072164711,-0.1173959107820583,-0.12256687931718559,-0.025848380495328758,0.47255124809943205,0.5048799268495786,0.12039638695500063,0.30960958548294776,-0.2742447699462605,-0.3387448984761905,0.951474164413488,0.0864114444990852,0.06246817574303267,-0.4728709239450053,-0.2674563917181821,0.8230949828853868,1.2212228683866462,0.7768587422654977,1.517560751166253,1.0947577301366835,-1.1467887533870074,1.3723817258511193,2.5421904259548587,0.16284205901849982,0.03794229803745605,-0.0808523239969584,0.651700115446402,-0.5099854824355882,-0.943095558155785,-0.47983585812664986,-0.3846946384510189,-0.3845721294736207,-1.2786090515123643,0.6254688711306277,0.6481422375293119,-0.3274851273199524,-0.07545459406862806,-0.2892654832353828,1.0225417170506492,0.8186430227546496,1.083865759063717,-0.055617154103942607,-0.07237326666059998,-0.29075046349995404,-1.322309757896608,-0.8068501012511717,-0.8188491777201691,-0.09903898604587962,0.7693338916193567,0.8989610296253229,-1.4201383101074663,-0.7708242894368454,1.997215073615827,1.1870518814166027,0.22968765428232138,0.43599114295581937
3336,0.9118499113449954,0.8850852521577968,1.0080599422782717,0.9351137006908644,1.2621674671064396,1.158660623501807,1.1294092778790965,1.316964739011002,0.31922696638486775,1.6841641828026253,0.7919310808565931,-0.27783994282728924,-0.21725006423435733,-0.1602621319031867,0.35523937225848196,-0.1466710615546205,-0.321376862473273,0.16417184109998526,-0.4430874184667671,0.355239372258482,-0.21336187337635398,0.45274682063617,-0.48333688179288803,0.16390679136992373,-0.44314011587279034,-0.21336187337635426,0.27787913474923814,-0.8769865086633928,0.578014603063132,0.06385304806831403,-0.8299189943617983,0.37652496611577235,0.0037099723209228544,-0.03342183608072734,-0.2824705617203349,-0.3924687785090887,-0.13601453077966202,-0.41615607836989393,0.5679785359032524,0.8633473970291398,-0.6261936422928426,-0.5411521461317274,-0.3524500786822057,0.03840653964485287,0.13614561156436752,-0.16641963457681624,-0.008205531949451622,-0.4850050218453077,-0.5665000059135848,-0.7941091393122266,0.4391276554803028,-0.10549894797719947,-0.38875299148270365,-0.446533700936399,0.849958381028472,0.9075210257079238,-1.024990689186375,1.4913746545270365,1.0467383047751586,-1.2816040939959823,1.299724605938872,2.501703823394906,-0.16452308400850335,-0.2056129768568508,-0.15955209993986516,0.563100622068119,-0.8279208916289255,-1.0939560159991248,-0.5910417066051834,-0.8235431077205894,-0.5962645330815728,-1.219136016867981,0.9521075734738251,0.5697032993417844,-0.33991684770092495,0.3149918004034963,0.002002225315927709,0.8137746998736491,0.27757648461739537,0.20045353476201044,-0.2904165299751401,-0.3024221032457227,-0.17886770524951753,-1.343516470190871,-0.8311287712928469,-0.46164643299415464,-0.24731499643783236,0.7489517656421532,0.8763441513466648,-1.5569366715313886,-0.690862097769301,2.0044434006226566,1.2115394344255541,0.2672796647113216,0.47059827680295185
3337,1.1586657201287065,1.2258327683849086,1.1589452825843467,1.1952155620679,1.7438542080509583,1.2348835383422225,1.7107027765250291,1.3567622334443412,0.5597132651471153,1.6732340289270338,0.899659464389908,0.04604149176842849,0.13684785793247387,0.13079986591456552,0.6170549295797277,0.6303414457272859,-0.16656920362873112,0.8000899944463863,-0.3542654802210401,0.6170549295797279,0.03788709519240455,0.9850835925711652,-0.3807138165693621,0.6900820366201862,-0.4392708923878666,0.037887095192404366,0.5156170340001915,1.2140020207850517,0.8117549937289796,0.10866957714482171,0.217701053365882,0.6545874388980975,0.5091550624281137,0.38813510900240356,0.08741408951748209,-0.07485229580949247,0.08971731921606876,-0.16987374687289203,0.7867556205964874,1.1243892183195956,0.5148150008150344,0.35423315078275,0.38978770690414627,0.8594967522706762,0.9388239919558802,0.559140431386686,0.7855452871738403,0.09166966571799788,0.005652736933368692,0.8268747679881264,1.1684133817067301,-0.12924876068160374,-0.1039197860016693,-0.3165626460012091,1.0357249285864116,1.1621042523273803,0.9294559432259194,1.478014809413514,1.0259996906619835,-1.276910179115576,1.2365626834513357,2.4625618152841278,0.3600445595183333,0.05819637639824877,-0.22748390104778396,0.45651423941218416,-0.7129052296366606,-1.0404641885684027,-0.710275997508532,-0.6627843313901237,-0.6074795861203024,-1.2229989339562686,0.8159465580728267,0.5993979632411371,-0.1471066959204263,-0.003725643173800283,-0.10643283654627379,0.8774387147547559,0.17855408046068633,0.48335008709989774,-0.5368525687845103,-0.5373851279733503,0.05423122553009269,-1.3083303099223997,-0.7561697369818418,-0.38798193444908113,-0.18658817112640155,0.7372372807603242,0.8568163823199941,-1.6604901701747987,-0.5735294036773406,2.009445420498297,1.253360325188511,0.30766220711398967,0.509722773367708
3338,1.6140254494711288,2.988689527250006,1.7089770011095478,2.9271920687718613,-0.11143677345996657,1.7045683435899175,1.4615428796083199,-0.026922119583550046,0.4679037899505856,1.744734424643029,1.0025376802523147,1.4641978317336823,1.4655427464927375,1.5987683904379058,2.768079233452767,5.008271347293554,0.8085728005303325,4.808395173907364,0.04998932442999913,2.7680792334527697,1.280053733598738,4.654171691126831,0.23369261909930336,4.003682202093357,-0.2996718408940416,1.280053733598738,1.8733128612786345,5.897523517223258,1.4918927202037884,4.811964307256838,6.408536434851141,4.222767286104816,3.4464031620979636,2.9997823138245985,2.3240649764759436,1.9384761901340768,1.7220489775627357,1.5297476926737286,2.37370947603572,2.8866140579680146,4.587427798744608,4.936924044589337,5.042729446251263,6.044771004262286,6.302058933335386,5.958873532310413,6.3090447582609706,4.594355010812364,4.559850507235426,5.275499227776618,3.2107781435976683,1.290654238989621,1.3736739079350928,0.9912427322180404,2.0256722372185076,2.02645164150914,5.169692351527169,1.186085197259753,1.6235962472595011,-0.8959225955246308,2.2419518174746984,3.6552466319321932,1.909095457236413,1.199019694431248,0.1059186070345088,0.3394334563390955,0.24872057342020878,-1.0208259179804933,-1.039964438818634,-0.8126576810893507,-0.3861368498732897,-1.2183788886830973,-0.22148039703786093,1.3196460533631857,0.2660219820907341,-0.19213282743871074,0.040261287134628475,0.8226869084536759,0.4312934793726801,0.16862943419156234,-0.45098524378299415,-0.4735498457768442,-0.3466449482325427,-0.7208497805959738,0.227401662653169,-0.629538479585773,-0.36267162058404245,0.7630819824800951,0.9195100419937797,-1.6855448782461087,-0.5243000534084788,2.068402705331939,1.3544158347323039,0.34222552708304654,0.5134062022820642
3339,2.8288966031907665,3.2066457563595474,2.82445655446847,3.3336677117145115,-0.9468927051185333,-0.17221943866541137,-0.18955044740361573,-0.8752025862623699,-0.028172341987336685,1.7864365156313708,0.9153108486593563,1.7034742307023536,1.6559348595982613,1.8837471293644983,3.7618970144520456,2.5507547640230053,1.636685093393741,4.006089709388524,0.615278617159657,3.761897014452049,2.2684131226530306,3.70069256036156,0.8552872927566391,3.934789407847388,-0.04945937534761846,2.2684131226530306,3.8230306375585585,0.8480835719300175,3.946986619168288,1.9303416509477793,1.872523350774762,3.930287053061492,3.661379046647468,3.3844948102688273,2.770278580466808,2.400407318996807,2.104766277288067,1.9360104567532304,2.7385065642404225,3.2914208170263306,0.26989061284490795,1.0546864416993953,1.1675862780363733,1.7904232200560275,2.1260419367823213,2.137465466104458,2.2894957549648316,1.4411986182287775,1.3956075875045006,1.325246827103444,3.441274057350825,2.7310377443221694,1.980394280659483,1.5225642869290956,2.3410188541781207,2.6645295612351876,1.21239059260129,0.9037079916782873,2.2473428590110194,-0.5029952849272294,2.3937216954614815,4.077954953690883,2.422470545546387,1.3886567750017214,-0.0844445451030341,5.059218599300286,3.901585003452251,0.6011198092092593,0.7996581417465486,0.04717528093515939,0.9673532782925004,-0.3512664216232199,-3.5143051233144327,2.4168824950566785,-0.38064648389798267,0.8229894590344093,0.36199164370993403,0.33786498003892074,5.2490338532618175,0.5887540389191226,0.30669147426937793,0.01373771719675199,-4.9658279755363335,-0.3460612912891196,0.6416278075067172,-0.5327310524080389,-1.1294304900871421,0.77096634777019,0.9870223133182412,-1.6011864217152691,-0.507073759474389,2.105023310943089,1.4752935908461011,0.29900863345575684,0.37643125738668853
3340,3.3885799091611943,4.205930211671519,3.508997474241645,4.034450994365059,-0.7005765465891706,-0.9606222420681733,-0.7584536040747197,-0.9396883915638661,-0.22487480637224785,1.8208639782782134,0.3433121162201208,2.0511147713612012,1.9224383109724226,2.316653406576103,4.4830484708338565,2.1470400174926247,2.5198778317898802,4.247344180071707,1.3131527918433328,4.48304847083386,3.225105482263067,3.696911852852921,1.581179634370837,4.455951458423626,0.3142314870351853,3.225105482263068,2.449561955094893,3.4554162156436785,1.9110530983674212,2.553164826101471,3.547109147124815,4.26384465372661,4.35605872561276,4.182001878030883,3.5869786066698808,3.201015741805392,2.7994183927860004,2.661474556513846,3.392213899265412,3.9958635189880867,1.0031690254130798,2.1172466909128924,2.3157120044662105,3.044554955504546,3.6111837166932785,3.837835899947444,3.915187340969561,2.950556105424157,2.958348568278041,2.2928065730780314,4.0041650303884,2.995616593358295,2.597320880206952,1.9804066525180801,2.669634682656729,3.092525671334062,2.2506557414501573,0.5418119216999456,3.0425705889678905,-0.021155495936856256,3.073181895918707,5.188827779003259,2.7369407579200904,1.4998452389632564,-0.22849637245564997,4.583394262812258,4.549472231737275,3.493870235529248,2.015824144419953,1.0550802838792475,1.5998748743672284,0.4936464622298121,-4.290539478118441,-0.16127138868575266,0.9879753987480122,0.995546607775681,1.455315682348786,-0.07495719451633535,4.518813667289524,0.11132233906785129,0.48891972884678414,0.21589095598515806,-4.462605602470761,-0.057012208677693924,0.2874714935514857,-0.36262517388655996,-1.2819416306816722,0.7832764165244505,0.9613228242037363,-1.5802889238831026,-0.46727814525431105,2.1485164541773165,1.542440616571569,0.26572854949664904,0.3216056099406973
3341,3.7267559980399385,3.7739539656913,3.793836719019676,3.8268964468625253,-1.1171592459703295,-0.7700015264025546,-0.9026385249793822,-1.0384592935891557,-0.37860306711297537,1.897441228221039,0.4925101619019105,1.9223780534961337,1.7865395253718623,2.187785387694176,3.9442544584615336,-1.0343664563287964,2.9390312320106444,2.186761410797163,1.9338847921172062,3.9442544584615367,3.522175879522248,1.4286886508529777,2.0845690554941476,3.1239940171211464,0.7212968595493163,3.52217587952225,1.213440154024355,-1.0047693478771746,1.3014052133562486,0.684061738440428,0.044210584944360365,2.303180296699078,3.4502319928644622,3.4427901829218723,3.1871112634371705,2.9032191081432073,2.6043484639084737,2.459842020898819,3.1857501243592967,3.7730496174042085,-1.0917911884735736,-0.23249178248267216,-0.004583640360680027,0.4645063549407752,0.8978734347861943,1.0631791590716517,1.1294891064586106,0.6266921776472553,0.6019582667827695,-0.30989796305694933,4.105536433932893,3.3582977807471877,2.5490618918628316,2.186149003898361,2.490588604959971,3.2666293203396877,-0.6353247448220489,0.334728710039738,3.5830984545726694,0.42714112155216605,3.020869676124187,5.002771507403519,2.538663007622941,1.3527011011840222,-0.29817331881664527,4.642483762511558,5.480490196901423,4.094479849646717,3.25207138794064,1.9782716404213274,2.177199975920403,1.1564056865939896,-5.316550266283426,0.08157324314439461,0.1442651585133539,1.340174953834601,1.1262423916966398,-0.3500522573306467,4.536186591787142,-0.21874153233441754,0.6584443534160799,0.3644058896934813,-4.613757766989588,0.16032082852548224,0.1078251956502721,-0.20273619418166297,-1.3638607680282397,0.8171259542697348,0.9647816227980129,-1.4981205716138506,-0.5226650258756901,2.1776725741846334,1.623302731040592,0.24021595585875993,0.19128867730939494
3342,3.8710059460525668,3.837950550737125,3.999018358715627,3.942920925357363,-1.1727476450679193,-1.2105587020002715,-1.1759065185747883,-1.3289330863644941,-0.4411848585442481,1.823932419696877,0.25496600641875594,2.0102132172081983,1.857914987994367,2.293106905874811,3.36336977762959,-1.2996124949666354,3.229938226559078,1.675175642472378,2.454255921892717,3.363369777629595,3.607120640199013,0.6831682316099746,2.5089880537116334,2.712475509079979,1.1471499344780556,3.6071206401990152,1.019375542928107,0.49651611295580844,0.7432084890119052,0.6161202431360332,-0.7159819149443751,1.3077017083088183,3.0912912536268693,3.29288853475195,3.2097953992113153,3.008572007115682,2.7256270545393533,2.596315996554399,3.287455132497369,3.880724414282001,-1.721830019975571,-0.9530361108455616,-0.8207953120919211,-0.40446217727023376,-0.03174333308808411,0.09705468115722576,0.17411209949803397,-0.18027128732636807,-0.22708322096512748,0.6316830366178958,3.9310864774507115,3.756514782777337,2.457718859718197,2.4264545454150204,2.9093064695995685,3.4128597869004187,0.9913346158430901,0.1463342827240374,4.044409299095701,0.8587180170217716,2.9938118497774555,4.752391438190579,2.8454540630579794,1.591837127340182,-0.26047708402591396,4.029578637903121,5.631557952191271,4.759877122561193,3.1961950910200483,2.456681266720145,2.09075650549505,1.5366597157278918,-5.583239958303827,-0.5000139627557226,1.032715913946012,0.7699454399485124,1.3085714460132853,-0.5212947552563563,3.872891061011857,-0.4793745197064108,0.6922364153321073,0.4266106964585975,-4.044972326151974,0.2775765289146134,-0.1923506389384663,-0.07452927293434855,-1.3999129629794314,0.8310048140698493,0.9389938153832744,-1.4277126779445164,-0.5935588960539226,2.195970090181602,1.662847503720378,0.21419639770331247,0.07747505619993662
3343,3.940816393290327,3.8129167414915086,4.01090857264741,3.814326223206984,-1.075263738098531,-1.2145512510021184,-1.1173257397591914,-1.1819955994045523,-0.5575445052592001,1.8994024111442043,0.0011242743351577737,1.9792818285132316,1.8292788786835417,2.255589292217645,2.541858143200794,-2.0316107014612834,3.3078617533035715,0.6997378409243262,2.8264609224996327,2.5418581432007965,3.4103225969816338,-0.4561920734749784,2.78324586332878,1.8888620414031705,1.5543521741272386,3.4103225969816346,0.414138131827735,0.23360572040871705,0.5486081277444227,-0.11390803048235085,-0.9741629520389494,0.5607189602963546,2.4031450998029857,2.7271217369587153,2.919828258954872,2.81120241950295,2.600570440195409,2.483902285099978,3.1532406880893142,3.738043453876986,-2.0085048473402405,-1.6604087999366146,-1.5934928098302603,-1.2113960597740003,-0.8881201268806501,-0.8421957446392748,-0.7476105005165542,-0.9927355601767497,-1.0425273718401649,-0.09046972944431378,1.5983397471205345,3.3488806925532533,2.1552298717079768,2.3842813094301296,2.7706042195698366,3.19273448306803,-0.39921559140117996,0.04107694616441599,4.378726407869937,1.2640147698719293,3.028234487616033,4.534394844227471,2.6526384888818906,1.5735220631202205,-0.14325674432613555,3.547835084792953,5.294001334199549,5.4228723794047635,3.0294656859154743,2.942530917122546,2.6554993841314465,1.857204668031862,-5.294151307911796,-1.7630936585174652,2.216621361766774,0.009230625010108155,1.567007567504626,-0.6256438521828293,3.4786395887569532,-0.27713299481351555,0.7840060822073042,0.5454438682371151,-3.5651256143987275,0.38536881174409787,-0.5334535255815651,0.026756206964558178,-1.4124402043028708,0.8521271972020525,0.894330295128121,-1.313269773763527,-0.6474465872753591,2.224711596715035,1.6525574939028602,0.19906127614662397,-0.016106987639961566
3344,3.713886336578998,3.489440575278734,3.643304505518845,3.571534084052334,-1.2815622945194352,-1.0045589601169727,-0.994790059858219,-1.2101302124406106,-0.6129839138881537,1.924060608598051,0.0754935892765592,1.744110015136204,1.5540270118990342,2.0400894092489756,1.5592901288120031,-2.5012147547454333,3.1918231285798417,-0.2779652471274419,3.0265335943394462,1.559290128812006,2.9774226627587197,-1.5090372095063787,2.896258712641075,0.9622474270466193,1.9081791817132745,2.9774226627587184,-0.939970488579949,-0.8160448602475823,-0.43085249962188754,-0.22720541329108412,-0.8271611059129323,-0.21830864577517797,1.5945633380754194,1.988668900368636,2.474400012014754,2.481782448050013,2.3538209669914125,2.236506441381594,2.9083744607955877,3.4726048618341143,-0.5085427082925781,-0.6452317448357654,-0.5023182553607632,-0.13015941100512152,0.31599657559547367,0.466385837294815,0.5859711810919808,0.15686355582092504,0.12938190733325908,-0.4929118135684055,0.8276808622749043,2.8979171189107245,2.824563748848814,2.428607444995873,2.4736520200626995,3.0307197328045667,-0.5998907899132996,0.006442226241781526,4.56861995233619,1.5137444965601587,2.9905485153953735,4.342427084399809,2.34441478842092,1.4124419100013832,-0.11614993860630503,3.074794292197968,1.9696999685785943,4.650364746536394,2.471074224400765,2.9380821110539137,2.6186311777677695,1.7475164445999098,-1.7544222873539739,-4.197754697110861,2.242253312714045,-0.6638509190833517,1.0903130320827155,-0.5110557359902234,2.9723661935026446,-0.5565903737252695,0.8126284398516584,0.598099421391688,-3.1608209563457326,0.4643965280833101,-0.7559009090864433,0.11056182637027215,-1.404132148914876,0.8761998033207159,0.869392699950902,-1.218456111908517,-0.7176999261452839,2.251996182554696,1.665175496659563,0.18602520650917004,-0.1240890369026406
3345,3.6213808715481557,3.4519474487525494,3.545761793382159,3.3146666799412197,-1.4332076765387898,-1.267977873016299,-1.2951661562933625,-1.6564930892388112,-0.6263270186870619,1.9162658801582324,0.18338625314857598,1.461556077924554,1.219507954017044,1.7850640931790005,0.5878419472930267,-2.474453426651132,2.94988466689263,-0.9751463862568371,3.0664208808620392,0.5878419472930314,2.403626739095956,-2.1838216709965224,2.8775298583127933,0.15955071110014526,2.1865100772555905,2.403626739095956,-0.06391026980559336,0.11603822289802676,-0.03131112635356839,-0.9165026631550797,-0.546726383032965,-0.5893410951547814,0.8381513090337521,1.2904237766777409,2.0252137067283567,2.1322059474310824,2.0877445358943705,1.9698526584959535,2.6460035854189403,3.191803171314773,-0.3014390290480976,-1.043244134299125,-0.915841112150868,-0.5768578401901475,-0.17955312595801498,-0.04289035907331555,0.06767922519831483,-0.2868388807430927,-0.3093080726630566,-0.5965865632472553,-0.3552642394392384,2.380124265522328,2.205197836335561,2.1812487730207453,2.1688765989849226,2.727217491078779,-0.5716453037612783,0.02237484637410754,4.647387725930552,1.7466755459045078,2.973759888802203,4.17160541872968,1.9648514160531574,1.215548164970294,-0.06302048547481713,2.686000489185847,0.3674692256046621,3.7979729325176326,3.71450858734378,3.0212267174404657,2.271239499244888,1.6152660829589487,-0.06136922670799579,-4.577704063084791,-0.305962637836244,0.765139574051076,0.3612161119359774,-0.33555395465078064,2.563427389845849,-0.7615164941614386,0.8028893972863715,0.6091280853797247,-2.8226291424454293,0.5531019404113652,-0.8876886417630954,0.20212889439927312,-1.3769157591765975,0.9031247132982365,0.8635509279266238,-1.1223283345292567,-0.7904256860243039,2.2817304661446984,1.6672227850816275,0.1700212512744362,-0.2385217206869101
3346,3.3059266555303206,3.223154489610498,3.2062854224112023,3.107027011810312,-1.3601960593503122,-1.390247517562905,-1.4110964691043881,-1.6009389912822571,-0.5812958273139801,1.9979006685453593,0.013351064315998307,1.235720990614926,0.9521685842693648,1.581489065277133,-0.21299532108759028,-2.026723959559349,2.65858022793524,-1.3037876347737507,2.9841315640036292,-0.21299532108758623,1.7891347910703346,-2.4112638399676585,2.7735041009590704,-0.40255009019384635,2.3826674932919576,1.7891347910703355,-0.9962711778676012,-0.5873887546356498,-0.8440337467625082,-0.5661959097628682,0.054465635379106724,-0.8392138956286784,0.14876058631021324,0.7120208094496241,1.6425064489023815,1.841144530171782,1.8659953475288629,1.7515054022521868,2.4316230735183324,2.9617792708105997,-0.08992287023457197,-1.1233571092027654,-0.9864529068592601,-0.6732074328173078,-0.28564908227353464,-0.11112670226428867,-0.011801268390762816,-0.3627401583473717,-0.3826474338813905,-0.4976170680068063,-0.4314720918079408,2.438497096786421,2.4728221761026057,2.091669977313003,2.0501756243700227,2.600075445409506,-0.8486825338621314,0.09816190628609085,4.649235056092214,1.8317538916846368,3.0663260980425644,4.020115345055481,1.5013384616876957,1.0558180874123502,0.1422981301901757,2.3540149472621494,-0.4527409753653135,2.8614695361268474,2.6071355943574828,2.6255945631886735,1.8464537001869428,1.302646988078537,0.7888705332381212,-4.048117975822787,0.03430635478730303,-0.09565910539699105,-0.04800642242566687,-0.18173246051738295,2.191347029482358,-0.8838887051255062,0.7374444040190729,0.5648144312108453,-2.4904986175127006,0.6157323324764121,-0.9338735199987036,0.23962314240507132,-1.3435280761484465,0.9229859837395283,0.8373766935708845,-0.9307652498959087,-0.8490300568183364,2.3110169258369586,1.6597879030831972,0.15860533407833025,-0.3341376187773854
3347,3.183271994089784,2.987758059169523,2.9041056137957835,2.697421376313545,-1.335481440537665,-1.2892748908047473,-1.3981657950605035,-1.446449111336758,-0.5550412304305893,1.9531337210618294,0.013208365874853573,0.6802087466959221,0.3051324471007517,1.0845205188625828,-1.124374454066543,-2.2921677582781834,2.2275021788304388,-2.1062728933087684,2.7730130239584803,-1.1243744540665441,1.0268886370481976,-3.0044591788480663,2.535299788757957,-1.3275580624099843,2.4807574670081993,1.0268886370482007,-0.9598472875434826,-0.6782394367369756,-0.23197805683856174,-1.816511779867594,0.45693283188472,-1.4141038426377368,-0.8221739125827933,-0.1366570064352847,1.0080390793670948,1.2977245315676083,1.4245726842548603,1.294833159286292,2.0121913653539543,2.5231134677335203,-0.02909101061452469,-1.1114983764363886,-0.9936271258564651,-0.6586152427672372,-0.3117096177556791,-0.07619944363647337,-0.03000955489218759,-0.3631554166932946,-0.3919707204193463,-1.2487128465460688,-1.1784523006347203,1.7868949227832178,2.3019708729178143,1.4960155534939317,1.5372574742474872,2.603094264336185,-1.0846295773114705,0.20433712644425137,4.566772973608298,1.7986569563183235,3.3097753609306526,3.883959547053238,0.4377506077726508,0.6383960260973588,0.5696068796534173,2.0387549638930262,-0.5214657035590718,2.923157019901313,3.077997854969137,2.4344261628197152,1.630664829082456,1.1461158330356729,0.8248083552054423,-4.11007853334786,-0.5239757499840155,0.7583191119467834,0.2031088008582626,-0.0958976344196341,1.9149514593843249,-0.8175961993521632,0.6910785943849145,0.538671383031145,-2.186402008387924,0.7138515880831231,-0.9822973412786354,0.30014122561379397,-1.2981753012846196,0.9400768895139984,0.8121617786058595,-0.751183880759823,-0.8968736000128613,2.3157129542983124,1.6390081529775706,0.14691724910816345,-0.4187690896002482
3348,2.6272644152874696,2.5321913998949395,2.63618996043354,2.4770587326139437,-1.2390671749539084,-1.352264331373048,-1.2699092644702572,-1.2359313619974404,-0.7891572090035249,1.979277203606083,-0.1031537851755358,0.41858334271410425,0.014211523715687426,0.8430543995116785,-1.7111660624656007,-1.4941111924792054,1.8137092772675816,-2.0648479228777847,2.4855426011174013,-1.7111660624655989,0.32191544801183336,-2.7484323115603293,2.2584796056492698,-1.6415021516818415,2.4921327153760893,0.32191544801183486,-0.8958506005489622,-1.5423427218301047,-1.8445148612897717,-0.5299714075836531,-0.6375610423195964,-1.3830794236419606,-1.1835433149168333,-0.6854087922287243,0.6534597964883417,0.9975215986899452,1.1733140436303637,1.0490860271095614,1.7827150262495128,2.2804001882057534,-0.383138460057872,-0.8499629433415861,-1.0833113694908172,-0.7439647301143038,-0.4236801664867626,-0.168916853554116,-0.13722159678591578,-0.4495800218569588,-0.48120784462913,-0.6702985833860295,-1.3993242919202438,0.07226428599859777,1.8550259947560017,1.0798877764097585,1.7016904005529057,2.3131460077974437,-0.784055658085684,0.337586363780631,4.451327857091347,1.674052159591195,3.3839985807840276,3.759814831505892,-0.09008182468184706,0.42512764794125973,0.7825641220793734,1.943372587174206,0.4146818770249684,1.8269663236997453,2.784563838940126,1.4484815661820885,0.9801582006003875,1.1724389833201512,-0.19854736328276001,-1.9322698214118401,-1.5236550824707298,1.6856563664060584,0.2017190261256409,-0.5183737198159413,2.0904775743167137,-0.04727242427808233,0.9187481525569483,0.7762638976365752,-2.0731216064325206,0.7465461958248213,-1.0202654555942332,0.4256216751800182,-1.2508197348153411,0.9377274770288448,0.7645147569243681,-0.6109639033631094,-0.9354314367858,2.3229103466452434,1.6024249106891246,0.15092363108729104,-0.48676470703142144
3349,2.5206213321294695,2.6742239657277254,2.6426757923589124,2.6689386722347823,-1.0425837001427027,-1.2349917800701997,-1.128402240190682,-1.1078006822137914,-0.35840235587057245,1.8664984770651594,0.08755494268718908,0.6473478554308921,0.3143849476133429,1.0412959464781157,-1.5364010806580817,0.42205337383050134,1.6400822982259224,-0.8598817256352773,2.2344905434671913,-1.5364010806580826,-0.038669184663658304,-1.400316965506485,2.0926027434205516,-0.9716162131483524,2.4614222069117924,-0.03866918466366,0.12133570103381613,0.6163286211360143,-0.305849718622143,0.7139251860507123,0.149632248713988,-0.3597954276931586,-0.7839353664086232,-0.5620041718479498,0.7988174169755731,1.2054473403056691,1.3616940666793473,1.2685560116025885,1.9700891724866028,2.469414231173448,0.1496684655926976,-0.4605890897124725,-0.8712404407743564,-0.5268211158499126,-0.2409047857160596,0.10040842693542643,0.10990838336300472,-0.22615669599668115,-0.26363755728498456,0.7379754749179304,-0.9203034211188048,-0.09067404563997399,1.8576420489991723,2.053824379485713,1.9494534016921474,2.5646544867775307,1.263622554606443,0.4461901243251659,4.369262114451937,1.604407071716235,3.2984623147428622,3.64598656946698,0.3270222035779513,0.6933108876169028,0.7699286273661943,1.6958055530365592,0.8290911872332581,-0.6191813490033725,1.9732201121384378,0.6414338121708513,1.0531303838304054,0.8775980857384594,-0.6783331186513128,1.4871449130290366,-3.39895231673896,1.6944654333130147,-1.1631764298918759,-0.5707066298575735,1.1528355845968932,-1.819210446752319,0.47307792095961654,0.3449383423920027,-1.798386775095595,0.7365491611532596,-1.0082261604801086,0.38328515265854546,-1.2203268978497783,0.932205157189909,0.7158183443937635,-0.46603884930948974,-0.9591200801240549,2.3220827607009284,1.582069644340359,0.13029784504954886,-0.5367152189391744
3350,2.5727230681106863,2.441848064933323,2.467910543502185,2.3981259165074205,-0.8647745156702139,-1.076978347172488,-0.9726338681594195,-0.9496601669157902,-0.3641815956412387,1.806166267410908,0.17587026508888084,0.299376585971103,-0.0799185998950459,0.7247996499634801,-1.667185051566353,-0.3543363719945668,1.3651768664033233,-1.3935546785982267,1.9709132818732404,-1.6671850515663522,-0.4774790893293751,-1.6945489828972287,1.856825027988833,-1.4585797633927813,2.3818521573250084,-0.4774790893293705,-0.5944540131494367,-0.7954250267528671,0.2683485240377437,-0.6512498338632953,-0.2062267190227885,-0.6657915163216364,-1.0585009283305156,-0.9764346855793755,0.3449101045860812,0.8384091232571296,1.0535049129834158,0.9673198698694794,1.6814934827575936,2.17530204189798,-0.13563464114580995,-0.29430085910798237,-0.7200937116340396,-0.6923914346328612,-0.44000090956114757,-0.11486791624828259,-0.1010185636002641,-0.4058753442409611,-0.44788717044137016,-0.865738366451886,-1.025175087681474,-0.9595501820874719,1.3677435515943537,1.420761140087578,1.5389580794595483,2.307754093327913,-0.6185866232263642,0.5357244425268,4.2624325460299435,1.4812329387383063,3.1957867109013045,3.541097553143455,-0.05624882918873652,0.4112611989052186,0.7234433505443355,1.4836965546537628,0.21819043123570742,-0.9362654112036093,1.9681352290449594,2.2020479986666053,1.4206302450328492,1.1773986149368136,-0.043048529898531904,1.355307050744826,-3.6981317028238054,-0.29730694360858134,-2.9199719149306698,-0.19822410825628042,1.4252246703150326,-0.4554791057632383,0.4648409936155714,0.3535583857821552,-1.561697730310232,0.734449676001802,-1.0056281400846339,0.3875925645777606,-1.180012096789464,0.9286780714115339,0.675242448303775,-0.3949037527684565,-0.974952846385595,2.3176202407724995,1.5882630780647828,0.09966518496833793,-0.5759599938082494
3351,2.5670055591518133,2.4510332581876924,2.6437300553167615,2.533652408483212,-0.9332767903000335,-0.8582509806088613,-0.9738587793280523,-0.9035658912319625,-0.5488611027967031,1.9229227459945404,0.3751377617875131,0.48136621720990835,0.1626574231046798,0.8780890080977254,-1.367298871978472,0.7490319565421312,1.2543908900664722,-0.5602718580062832,1.7573440267990859,-1.3672988719784733,-0.6664415169261046,-0.7306686575957807,1.7065074239937932,-0.9291070874720224,2.2839956484906927,-0.6664415169261,0.7839754942683479,0.10061985598879263,0.06295452038718423,-0.07237828905730256,-1.236308119458692,0.06482248131417571,-0.6431110423920798,-0.6986455155244158,0.41655685433454737,0.9728721657944781,1.1858014408906505,1.123344267769259,1.811347596117631,2.3056453850780607,0.404446979097565,0.32874626000893126,-0.19117282256185242,-0.4011929508782575,-0.13857911556759397,0.3001186181568719,0.2782467607861433,-0.0588877240108733,-0.09166213993345575,0.5374692065474121,-0.6186702284235028,-0.7284625966984968,1.7184016073785677,1.972138005900682,1.656780312880024,2.4696133246612906,0.07431249590584128,0.7630182436742814,4.130980672630253,1.3803235733423884,3.125743533468569,3.4440153827824855,0.2527695429523307,0.612298311571328,0.7172200653578014,1.3210365655874834,0.2772352360526659,0.05312400380824403,1.0976351046904458,1.3281037076432496,0.9921247865893872,0.9605319712628628,-0.12762454683321264,0.17099554778241444,-1.3805054534620365,-0.2953820407548264,-1.2272585147335193,-0.35622898454207275,1.4432068525556039,-0.030618246672960866,0.6379231285649789,0.5386971560956848,-1.4234705077711225,0.7812404378581226,-1.0721564427708372,0.43950942660152653,-1.1213337767018956,0.9295299917578533,0.6342130891278138,-0.3188894334042187,-0.9886899692092075,2.316688019591783,1.6104682651628912,0.08320575582163503,-0.6178856345823771
3352,2.5146016704916385,2.3305662175520996,2.286790041586489,2.1447516758037906,-0.862845627174333,-0.9011544993629034,-0.8814977490184608,-0.9864037258239976,-0.44800445752548,1.8214432786570467,0.5846730483545961,-0.041004888876968314,-0.420861654294651,0.4002981385947877,-1.6196793964856808,-0.6644530746790852,0.9536868700446514,-1.5372723332026441,1.509105621853155,-1.6196793964856813,-1.0497537263293442,-1.4810825857874212,1.4429693198524856,-1.6832159611370676,2.146190164843256,-1.0497537263293415,-1.3436283293233224,-0.4131774467178497,-0.12436961704282393,-1.5420901406003191,0.18393401811912335,-0.8137293200822829,-1.1027405987611065,-1.1602104743018982,-0.23821978849296982,0.43534175160989347,0.7412743141338584,0.678085271670092,1.3911582078343576,1.8871004950415178,-1.1611451225480596,-0.9803217624251801,-1.064191126493632,-1.2185075817014825,-1.026564485059198,-0.811878897745002,-0.7892231713422171,-0.9976557124136948,-1.0393422359457423,-1.3222314587358346,-0.6499544991683602,-1.25568847053699,1.1422063603830794,1.799971533052419,1.3171588995180767,2.2671292840107053,-0.9299938644444355,0.930554966804858,3.991238939258689,1.1462741159491774,2.9799860745941262,3.353815024376384,-0.2925907405483505,0.17049572692510492,0.5865072179488505,1.0993998364209496,-0.22580881318021448,-0.2665680820988653,1.7222340913510215,2.148234008231135,1.0668600506483816,1.1683143078887692,0.3887232767007649,0.1390521903854672,-2.571043553859343,-0.5605001850732223,-2.2841201821504646,-0.19375013709286687,0.9525185826009119,-0.7436231252742418,0.5222958884686336,0.43808055976979865,-1.2015948355497514,0.8102260661031637,-1.1112487632111814,0.4773002275264615,-1.0554346219994588,0.9173485451643701,0.5936743021836034,-0.26643256290314715,-1.0012289497660527,2.3026638162567155,1.6374486046422116,0.05639180322534035,-0.655577738001447
3353,2.1647857619970687,2.071530979834639,2.1974331408226067,2.1559641483266927,-0.8659881325927459,-0.898154472310739,-0.9115288227714057,-0.8862677538120782,-0.48431843988959955,1.8063085578741422,0.8776116420302517,0.00976299223906125,-0.34974018490132985,0.4388024341417517,-1.5266224159249244,0.22751766998557343,0.7623987534591131,-0.9810240302800602,1.2762573650922056,-1.5266224159249258,-1.254316188253125,-0.8080000745167343,1.2306626647449557,-1.3611287224453559,1.9887515910526337,-1.2543161882531233,-0.3149092872357657,-0.9609491170837617,-1.2749593234065024,0.016192771851005063,-0.8593288423527305,-0.5922324831539827,-0.8262877527226649,-0.9679299154845976,-0.3131216942500253,0.4197380399268423,0.7395801048460767,0.6886549389378336,1.3864492009087905,1.8883248475645538,-0.5040901468033834,-0.569838850093626,-0.5160937370331304,-0.9378621059077877,-0.7677292863487273,-0.4694229812341203,-0.4677807389483843,-0.712465831608515,-0.7474141328357433,0.09467087831013853,-0.34560033079847513,-1.2038008192859655,-0.1470268681899377,1.5848921659774586,1.3967634414733432,1.7276783546162005,0.17068861549935696,1.1975431060395256,3.8175357117854247,0.9051960328121187,2.9024882412157793,3.2696896372553628,-0.18703975116849897,0.21774012663910366,0.5513428152913341,1.1293636296602754,-0.25968064429204984,0.5710677815435912,0.7216238257850291,1.9646076139312982,0.6703005840386066,0.9953811333011139,0.4296125532101512,-0.9333324242630022,-0.28182915618902094,-1.6317909356433526,-1.4051398282630998,-0.0964800174991328,1.1183440127380777,-0.3763653821088849,0.560630984355262,0.47462846367899786,-1.228767718825971,0.8381056449128745,-1.0137251863131094,0.5666825520930606,-0.9943886147126805,0.901217512452094,0.5568925738208692,-0.2226377175818044,-1.0171602223654388,2.3130281327786832,1.663448517739166,0.03714646222389416,-0.6952814667086802
3354,2.149141436789215,2.01654879683894,2.125432382722029,2.044980830368035,-0.6007689478190396,-0.7148745970897789,-0.7201436459558804,-0.5873499204587315,-0.2177532355506616,1.8520421469274533,0.8626586635248001,-0.11049240302849961,-0.4842531465260539,0.3274645597270905,-1.461415990702871,0.17835540376904516,0.5749982469946079,-0.9724212735039373,1.0544952088686468,-1.461415990702871,-1.4186103635757883,-0.6617209111833571,1.0182441505198092,-1.3757838107947997,1.8156019759457092,-1.418610363575786,-0.23297148753511937,-0.1649684155368448,0.0022086680426518096,-0.4196501353404361,-0.7717675198446953,-0.566302891074205,-0.7897452273594565,-0.9455555173638801,-0.539317455311397,0.24211784943054346,0.6098994865594476,0.5594885377731957,1.2593974082102082,1.7616144371268836,-0.1692808529363861,-0.32566030273109453,-0.32702945748674606,-0.8465838110440012,-0.6785316678001841,-0.35899671673142425,-0.3698956866335085,-0.627973018398356,-0.6612691975976714,-0.3544442298494864,-0.7783399923904326,-1.1634353527810766,-0.5534990914257445,1.300321040684187,1.0398538795618073,1.3393922529659705,-0.5586071076732216,1.5384856430796623,3.6012750011559453,0.6646733363407507,2.7891569594133574,3.1909673678954578,-0.2556070966553056,0.11536404558246861,0.45907196127409844,0.8842185958109872,-0.5629424632608776,0.5294015714409819,-0.9640364498267145,1.5964006581280807,0.6970111525015242,0.33732964489845435,0.725541870624675,-1.1387439198753933,1.8808635312944058,-3.2671634527343993,-1.0892631466333902,0.3826410305251882,0.58737656004432,-1.0245230501171017,0.2782738308005691,0.21001561410896472,-0.9458827787857953,0.8736082661619659,-0.9016696517094505,0.8115799213364236,-0.9503559595074118,0.8919557633231048,0.526743084320372,-0.20225631174996897,-1.034339338773825,2.338188393407974,1.6899328831165248,0.01791959998520105,-0.6884000719549411
3355,1.9672072863982135,2.134037014377193,2.0563825095735955,2.2278792597441393,-0.545688252425623,-0.6157828488514511,-0.6708265463097599,-0.6057716674548826,0.1401487809132625,1.7751388152820902,0.808110300144506,0.1777541952248362,-0.08206554388427921,0.5547991190787258,-1.0087388366657388,1.1997054430058718,0.5619275936017543,-0.06647820126879816,0.9020601028098655,-1.0087388366657386,-1.3428159002181115,0.29381377238053213,0.911371998234997,-0.6921969813146558,1.6537978547504177,-1.3428159002181101,-0.22908211160406886,0.5516397946880974,-0.6758660978316816,1.269277027109043,0.4470193767410843,0.1367416929562722,-0.24999928061788798,-0.4427230081634658,-0.3467850804650809,0.44569584980125826,0.8076915788229292,0.7690204576426151,1.444509780568509,1.9441697670858678,1.4704250209602765,1.1148767507916209,0.975233081313722,0.03951924052808495,0.1951433905202597,0.8292060635270867,0.7366865519304027,0.3907227412498703,0.37729148281476577,0.750169991731932,-0.13791395732425857,-0.8073274832869778,-0.9211698966391941,1.2533689797624499,1.198456470373059,1.5183910530422282,1.1120560004725886,1.8646437140174297,3.408297417364862,0.4965913020332364,2.6748903696823714,3.117084732149071,0.24567746493268539,0.37942545511646275,0.35592284973441557,0.6800793340582074,-0.11481964442505391,0.4758715105484102,-0.6559447375380344,1.0876857479004483,0.2684950889704994,-0.24705555818318325,0.21354368109024519,-0.689365195079463,1.4121404046661152,-2.2070002841863667,-0.6466000806585482,0.7241903243541442,0.32496066951183566,-1.1714950503749288,-0.09248593855733059,-0.15004925344572856,-0.7454186944612978,0.8565009942910955,-0.8051209746442592,0.9720551435911634,-0.8971265300677578,0.8854147249621718,0.4921243143915036,-0.185303925029425,-1.042723213890084,2.3588850075082894,1.7124268233936257,-0.01972979487063389,-0.6710931863423814
3356,2.211419555502722,2.120571879248301,1.6025474525558074,1.4887227030864971,-0.017709746776867628,-0.5425931924919702,-0.1881326454042296,-0.5009154657087876,3.6385482150209603,1.2899697265403283,1.2332832826457953,-0.7806247797583619,-1.1082835856556894,-0.34694777711746766,-1.7058400984218194,-1.822520745581576,0.125609142495931,-2.2574101468024,0.6455863102094261,-1.7058400984218205,-1.7619507977182343,-1.6756044902362384,0.5618354059896304,-2.2757196018626242,1.4461465678051353,-1.7619507977182338,-1.8986558685400057,0.012020110781109525,1.06467356512224,-3.209766897649123,3.408685002072934,-1.6235728472203366,-1.4114524069069292,-1.4756017863304047,-1.4277589453491544,-0.5490008278333565,-0.027154554019721572,-0.10502931014825251,0.6487440426951474,1.1539872489159146,0.4667296401638139,0.24461763695340813,0.22504610986400198,-0.4789454361869798,-0.332612791445237,0.1538597536186045,0.09924139413244369,-0.17518814911010613,-0.201611654795896,-2.6900476502418664,-1.4313285789845167,-1.392327512444794,-1.4762653866675466,0.7411714279321425,0.5109361845165223,1.1667248873177836,-0.6898453553971002,2.0953327173740277,3.2171292579005994,0.23041289073000001,2.430379408490116,3.0475535038712978,-0.8253594466896619,-0.5193408032281474,0.033252901483786894,0.5523223771090768,-0.6428903898365058,-0.08678703805132687,-0.045372765811426,0.9460227351403221,0.38399191708821534,-0.14362922249157223,0.7678042666644174,-0.4389698148011768,-0.04158796567337746,-1.2561720994152783,-0.9862094489014085,0.5624292274666208,-2.5283070829947047,-7.298714161210712,-3.591940640783034,-3.66788978863707,-0.5157592981131157,0.7104847584899755,-0.7458958161077027,-0.18022070412764404,-0.8720335926775548,0.865026799752078,0.4404670559115685,-0.3796881832509157,-1.0500301606057205,2.3488578432540215,1.734217880946166,-0.33770309128509474,-0.647282333755118
3357,1.5731940355417153,1.5255957035310654,1.4834733199744343,1.5016130508328973,0.1668606428112566,0.04382501950901075,0.15389921540116325,0.032686744708840386,2.5380125685726775,1.267674687150851,1.5224729091055227,-0.737061653427014,-1.049790737077549,-0.31370381083468213,-1.765977662868885,-0.16083866103422967,-0.14024786149947624,-1.3766185108067717,0.38043609004629686,-1.765977662868886,-1.9436868765523294,-0.7458171986583634,0.2888997929772924,-1.7788884032766,1.219415596868981,-1.9436868765523279,-0.5005622199730346,-2.4250876550212435,-2.515543800511365,-0.32215379377664666,0.27858511779644457,-1.1909255477429121,-1.1856412123347477,-1.2337644596783106,-1.4392249663550742,-0.5464704263459571,-0.015250856269092077,-0.09195738080163504,0.6466334679783756,1.158138232928408,0.8095472452566063,0.886153050064961,0.8879630627006001,-0.0310339019208407,0.12512926107010985,0.7577187260602205,0.6268611845399928,0.3662007229251492,0.3233376619670217,0.06729025388717978,-0.8892412010903848,-1.0453409333189037,-1.6001669251998218,0.5602208262828946,0.41743837378758286,0.8755915738209882,0.19070199564764212,2.2754729041071076,3.0546314445116427,0.023507775848338148,2.361185767920649,2.981951894896514,-0.7198032999047242,-0.4825828202173294,-0.020557608106318914,1.518482378914318,0.8536866197669533,0.8634387078193521,0.9689648457259066,0.11826088819047542,-0.3471324017858999,-0.5279827692130127,-0.7238231112863066,-0.3528729293264103,-0.2649672446262298,1.0675391644254757,0.6191322504769263,0.5665646219798453,1.9721280870712112,1.4104396909240813,-2.433161094589783,-2.5552465972958327,-1.3739217627419729,0.6051215176157337,-0.7176138739087126,0.020904542764615338,-0.8105590323253404,0.8504718531832881,0.40031702214571624,-0.4179694974509262,-1.0447820950427993,2.3537016753345767,1.780244152240418,-0.461551680919651,-0.6061001479294033
3358,1.4758456906114794,1.7282227839552091,1.6238714085443666,1.7230296773572746,-0.3033642438987185,0.21756936559494156,0.03842330501096306,-0.17430067218873088,0.8349628301539531,1.4298911806633605,1.3285575467479567,-0.3899200181334923,-0.5865093442726191,-0.039622404455397976,-1.252011210026339,1.3401420094641978,-0.17213533179934543,-0.16463806717983223,0.19249569009724146,-1.2520112100263394,-1.817442589374084,0.48029009034198505,0.1533238246741266,-0.8834170407212611,1.0083937409946784,-1.8174425893740824,0.6479443242092088,0.898714654198377,-0.3856376760097838,1.191039517542978,0.6999202068488833,-0.18490385727000203,-0.6130039414092917,-0.6625625807722282,-1.0788853253406436,-0.2645224755463033,0.2374934488531744,0.1653553808410668,0.8663539678649183,1.385085449563265,0.5572608535854922,0.8999499038521993,0.9463145553659703,0.35621709061381784,0.20976306739454825,0.9226647318524996,0.7146022603405092,0.5012137079754215,0.45807489345897384,0.885049124495028,-0.5791269129629079,-0.6319058212749074,-1.379827239035859,-0.474171889763941,0.3083946034118313,1.1863573245176007,0.22589443490652922,2.5763368245891107,2.8332483295353734,-0.2255602222229489,2.2921950281275665,2.9198924263057116,-0.19714634394203046,-0.18055545911916693,-0.07831345461875643,1.2471660956008912,0.2458956531440304,0.3407677688124083,1.2395515592366555,-0.29436079008746135,-0.6525772649176557,-0.9092685643782364,-0.09993074961975405,-0.21886054272230052,-1.2282714675183635,1.9362915002274776,0.5749942570605627,0.7544071621973835,2.150267041286715,2.2295997545722357,-0.7508803763981783,-0.8460957114369232,-1.2214599320775328,0.5327123466858175,-0.8464087741928684,0.21958878881279933,-0.74178034129626,0.8462423438034878,0.40115960805175094,-0.4329503763199339,-1.066152329483519,2.3566607062439777,1.8143052282697563,-0.5094998725978583,-0.5954405496318547
3359,1.728262000439076,1.5576007560731595,1.6592420687174676,1.7014156745908757,-0.4692656350376496,-0.3230182357520297,-0.20282854180449783,-0.3597630248546825,0.3638918749518601,1.5353934390711406,1.611808901545051,-0.3917706480044138,-0.5881314468309966,-0.04295960047202,-0.8913061827855144,0.9424182975699319,-0.19591767937436166,-0.12236271061364508,0.05882436625339978,-0.8913061827855153,-1.6720509070201017,0.5679384202221877,0.04119494747568199,-0.7314457538140705,0.814972416721343,-1.6720509070201006,0.1874153250549402,-0.6985051173218796,1.0912114394090033,-0.10192944783529961,-0.6808865474241249,-0.033340749905533894,-0.47936302739571596,-0.5705986628754952,-1.0374855157305762,-0.3345070190789299,0.213360694216364,0.14143604024751355,0.8214572440630878,1.3546079160450726,-1.4140932549242913,-0.9033097119460743,-0.8758153419384653,-0.9147604494584127,-0.9451101645324569,-0.6668177092044056,-0.7283954727079184,-0.8468321165233739,-0.9244553575961834,-0.0539138601977294,-0.45963826268545194,-0.8470246463452334,-1.2769659438898584,-0.7932004092205173,0.42894539434375734,1.0120960949671731,-0.5007138937013463,2.842557404338481,2.6203687389937227,-0.45521748700735165,2.287148038116575,2.8610776085084693,-0.24410166510913672,-0.1830658361127804,-0.0343392355071946,1.107491196113524,-0.2135502203374164,-0.31969151469351603,0.8688798397613302,-0.7750725706141768,-0.8175038576443489,-0.6246608368513635,0.37846439212968974,0.21979680746715308,-1.5030970728083972,2.070236896614302,0.47770298789322696,0.26301874482756016,1.3954151135772732,0.6514454572669495,-0.2896549947990243,-0.3739112404831336,-1.126867665428853,0.42359099426127417,-1.0220278431564687,0.9137049736756202,-0.7125270800627657,0.8399665914926364,0.38890905010844795,-0.43731086270499214,-1.0931494457546176,2.368186981749961,1.8683398260479915,-0.5418041187390825,-0.5894447056832992
3360,1.6307575678192223,1.5817139278247376,1.7122662461476905,1.7033932257889681,-0.7542739217056917,-0.60031243682407,-0.6135354505552102,-0.6713363574753428,-0.37791307822200415,1.700105343530289,1.5656919259555986,-0.35824832919900146,-0.5426479769892213,-0.017845394482334125,-0.6053895937670514,0.7466650515855792,-0.20047051343294758,-0.022281847051496634,-0.03187079324010787,-0.6053895937670518,-1.5025464635336252,0.6738151550926252,-0.04294818830767014,-0.5493839668301409,0.641761019481102,-1.5025464635336263,0.27034528053922213,0.12957829446260144,-0.3766486558482573,0.3714012586683118,-0.8848102862162988,0.3262536242098115,-0.34583707114243034,-0.46367198682851796,-0.9200320631627962,-0.3584586335583327,0.21826013454389986,0.1421010566153898,0.8001023388305883,1.3494741358937115,-2.089906970685301,-1.684303978991367,-1.659262676081499,-1.4433809966116884,-1.4524955612618324,-1.3562984500198123,-1.3376998628220782,-1.4327050469845861,-1.5151968761955046,0.037539867586987435,-0.7391290567493277,-0.602042805840594,-1.1296177814099901,-1.3001663064831794,0.33905416280096323,0.9246539117292242,-0.6662433066873281,2.7601505274528226,2.5826888102069554,-0.6495508642144162,2.303990724075171,2.8048612010885092,-0.2809553143368874,-0.15586634889227424,0.046571197908871036,0.8640336195957976,-0.40407463849123476,-0.012419937037126388,0.6914486211961957,-0.3706498437392115,-0.7396450758725243,-0.7721304024297333,0.5522094858818473,-0.32741637964342585,-0.9167031186953026,1.3352300677919804,0.3494933351327,0.5888368199490017,1.4241284115236155,1.1179937588890112,0.43556428382559476,0.3692430909803375,-0.9612308092990728,0.3239160816835997,-1.0367294421687854,0.9774261978629359,-0.5964809377267581,0.8367054642582734,0.3838560650619851,-0.41658428009721216,-1.1213339753701557,2.3866355120329494,1.9224601447862046,-0.5467216026383903,-0.5884073541304196
3361,1.6623645922430796,1.641058814455787,1.7655584471201904,1.7269242943266807,-0.8565010169454017,-0.8537631702732079,-0.7469746377908948,-0.8357917636166459,-0.24689931708774251,1.6803505739725886,1.5049794181891532,-0.2875570307641331,-0.44349266333068604,0.03514854745065378,-0.35517870478217567,0.651757023164165,-0.17999797223298633,0.1079469551294865,-0.0850578514026217,-0.355178704782176,-1.3084376118300676,0.7794967921874099,-0.09640718642561041,-0.3490467751001701,0.4915114563459661,-1.3084376118300667,0.27630235574103185,0.2862775350216868,0.16310085786010667,0.33842232783102205,-0.8546302097633804,0.2498060747453717,-0.14222387608846487,-0.28967676745996357,-0.778777067547073,-0.37084850516824647,0.2492562685539624,0.16274708748604455,0.7980781725615476,1.3667878087367948,-2.075598395725384,-1.753325070789121,-1.7476457795502418,-1.5151691158599692,-1.531875120029833,-1.4601028360320196,-1.4338326018265195,-1.5185504786889785,-1.6064425902748989,0.1230275490424664,0.42876184689547536,-0.719886490217905,-0.9862739537303196,-1.2038188999346005,0.305972447435507,0.8271244583864368,0.22349613774321486,2.657074649056075,2.5380613229181415,-0.7944968700311443,2.2618144952630295,2.7507724333064854,-0.18081817820474974,-0.10116189590385695,0.03039603956231449,0.6343773561283114,-0.09311838542718602,-0.3574623923370914,0.4407512525372983,0.5408707652467061,-0.8069072538278713,-0.8865907903999869,0.18507960451789213,0.3711191207362635,-0.9847676959071614,-0.12707441278752094,-0.8307464085920295,1.1084939700382461,0.47410087990027727,-0.6986942640510078,0.2892765064624287,0.23561642600487165,-0.7699801819937858,0.29927824387879204,-1.0690402382956101,0.9708783623805969,-0.6017915834485904,0.8363140521106861,0.38331491482915986,-0.40421991847577143,-1.1475264942978611,2.4090856209009925,1.9787930939292484,-0.5543148873604835,-0.5894522459406012
3362,1.6687602728354014,1.6153415329872596,1.6162527866886711,1.563215090797019,-0.688567539880291,-0.849652037789049,-0.7825366993884626,-0.7973110108812266,0.1109523560700912,1.4896636413152913,1.6497307544901423,-0.5280219546271318,-0.739416375087732,-0.17190760922725323,-0.41711544772758025,-0.1585830784150525,-0.25644088914802715,-0.39257107209293157,-0.14759221325631539,-0.4171154477275805,-1.2393629986875896,0.28184921682078584,-0.193936280892809,-0.6358031978409998,0.3496606853181266,-1.2393629986875896,-0.6317841141084163,-0.08230848322064843,0.057958790994294455,-0.47910811648158047,-0.027400282101060196,-0.3548371451828185,-0.37295067287993044,-0.47912007207373836,-0.8906394935241918,-0.640240039196374,0.06091800998736785,-0.03509502308910756,0.5956443877655417,1.186309415001114,-0.8047062011089203,-1.1504183964349928,-1.130283649643801,-1.0268774893545873,-1.1930141383139696,-1.026164660098102,-1.0513757037677498,-1.1324251369412859,-1.2454701514407047,-0.6176177037644682,0.1467015371056596,-0.5211119954325353,-0.8360047784127157,-1.4806687914504855,0.3181285966427615,0.7230973765686958,0.1984245959189656,2.555354025778403,2.4272445925889654,-0.9936423874001566,2.264298666631321,2.6992549176567886,-0.5360692000175659,-0.29080940374078174,0.09025301003732215,0.4206223749115962,-0.5042579869504361,-0.1835458286550327,0.19774126785500976,0.49220689835763953,-0.8488402411121116,-0.9991912866158433,0.601461719768791,-0.20269364703471637,-0.4678014304795129,-0.37026224396449703,-0.6328175353469953,1.1941490120292377,0.0682166964852752,-1.1084051442262148,-0.08282132160454736,-0.12244480642468895,-0.5363135503931461,0.47144168803543696,-1.118590368574642,0.9872231803230826,-0.7351829631396235,0.8292677333267559,0.35823761633156187,-0.40827176213438465,-1.1735720290234388,2.423534327503682,2.0367685246325946,-0.584412670259815,-0.5810770063231633
3363,1.4551238550032721,1.3188111138487233,1.3904947946331405,1.3383685780797574,-0.5702345901186017,-0.5470275223112256,-0.5155751898736115,-0.4824618147094097,0.5364945570184402,1.3082818540739838,1.3466911190248392,-0.8509910311474409,-1.1096754695433086,-0.45977945034125484,-0.690356545265042,-0.7064921524734009,-0.4315559593238642,-0.8979738178041392,-0.2513253366803155,-0.6903565452650426,-1.2945710321711144,-0.21707795690593404,-0.34877034026566456,-1.0053216207035158,0.20162948927839192,-1.2945710321711144,-0.9943253882052221,-1.271060503587232,-0.8834181301656135,-0.5489482117463689,-0.5181008707593119,-0.8777630892820849,-0.6892048482174663,-0.7347795687839584,-1.0846651794123128,-0.9772636543418434,-0.1957978507923014,-0.3110690157183154,0.32750982906703957,0.9408624327404896,0.841686147420195,-0.7413920369765126,-0.6626492404516101,-0.7328447516474704,-0.9718778448565809,-0.7505662695278412,-0.792533552598855,-0.8857895052301923,-1.0155042756448653,-0.8774107972471381,-0.565117516842024,-0.7882183496015964,-0.8830143489801356,-1.6478141828715687,3.32181556173115e-05,0.6128612843151231,-0.10032662194818844,2.4272187768235423,2.3338671535426,-1.0780479210580558,2.351692672131736,2.6501038618343373,-1.1596784194971932,-0.5645858427995999,0.29721316072793297,0.2927957493520441,-0.7193720960184671,-0.4525036021521245,-0.05139861073040688,0.9790228139854564,-0.8480647702379681,-1.1037893390184255,0.8171446971757823,-0.05526312640534584,-0.444698000170801,-1.2874979279448109,-1.3227221802012277,1.5074399319476879,-0.08191140001109605,-1.121669376263945,-0.517051475438778,-0.5494464440917449,-0.39273517208682157,0.627847662460876,-1.1791857410248083,0.9838650117450547,-0.7752025957026384,0.8245820709336495,0.33028368001824393,-0.4297444038055827,-1.1976117426885176,2.4290823731263362,2.067828811148263,-0.6403093154182847,-0.5702482329649692
3364,1.4393658957935378,1.3686235807348648,1.4343505404702226,1.3557819380354177,-0.5857060741000742,-0.5967183688049572,-0.6251477296849297,-0.5523068382715924,0.5164713413228958,1.2318146261819514,1.4454105786722649,-0.7902339388089008,-1.0202700186714413,-0.4167276934091279,-0.6690590161718942,0.05437907778029862,-0.5211437877843367,-0.45528319821473384,-0.35233920981347455,-0.6690590161718949,-1.248801391058538,0.18107348539984844,-0.45856629530143855,-0.7081030024683941,0.05869510477381764,-1.2488013910585383,0.21841516240542097,0.23517256162199363,-0.049910156437794756,-0.3929242078850865,-0.4820818947500224,-0.5899485842363429,-0.5200996515925047,-0.5918087101185724,-0.9287054336454705,-0.9786239052583916,-0.16664545855135984,-0.2892660620832013,0.3218837742825517,0.9543785078366783,0.5392634573160761,-0.9270040025647013,-0.9006094984143974,-0.8654432409772809,-1.0923699586704738,-0.9124269483776201,-0.9438379597266805,-1.02679261342632,-1.1518486084667314,0.08161563042816908,-0.5109908942693966,-0.6695717894604051,-1.0390863318762904,-1.5192174110091956,-0.18478823667477629,0.6088381986666803,0.4456925839634143,2.3566127192815527,2.184886439261088,-1.1871638646446965,2.4428614307487835,2.6031366528564757,-1.3028251926895158,-0.5243401047293911,0.5177821098060025,0.24600540720134878,-0.3230740493259247,-0.05232043046431844,0.03717616010361309,1.3449707436481584,-0.9145484829167098,-1.1802967525540486,0.3821145280255382,-0.21737519902080624,-0.10754813720784474,-1.627698329580903,-1.3391171853627768,1.7366031939747595,0.26000842311750766,-0.21673223190316754,-0.500207957120063,-0.5294971130912518,-0.35266097568348526,0.860403424377254,-1.2392027802565013,0.9796988270995018,-0.7768817585870912,0.8302058484556303,0.3264959351092577,-0.4315946051581488,-1.2135529195423975,2.43475176735514,2.10145403336275,-0.6981532159133863,-0.5616812433368104
3365,1.4511472647194978,1.399914166818212,1.2826584240234806,1.1307227026300566,-0.3688186114179348,-0.5857954733760973,-0.4340705070185504,-0.547769352211535,0.6836553326824586,1.189063306921579,1.4405175049731984,-1.1109041596729083,-1.3731389170162793,-0.7072348517864075,-0.869148593831745,-0.520826818715358,-0.7023288737246632,-0.9225070919958431,-0.4840425742537458,-0.8691485938317461,-1.3143097674424722,-0.2665045098149912,-0.6217765795038952,-1.0496231229299025,-0.09222619794703114,-1.3143097674424724,-0.6785295834789248,0.15460196052107233,0.06916371873201654,-1.55264924998723,0.8053771682343186,-0.9912728745694045,-0.782881565415206,-0.8755210158766484,-1.1370866473700656,-1.2927715179363535,-0.41986498353603,-0.5643538201364274,0.05393388394544599,0.7094589724791631,2.1383136274945644,0.6407561322391575,0.4278709760828749,0.23864863957641705,-0.3384825283803989,0.057232925926981267,-0.09516008333695908,-0.16331372409446876,-0.3542285972433699,-0.9004125242561836,-0.8844297703176897,-1.111780532985793,-1.045730736439007,-1.5790660172113031,-0.3779068610422671,0.4486084872015053,-0.7192679706751388,2.2724680565567827,2.0360456722728784,-1.2225604583746674,2.2495546112351983,2.5579547429482394,-1.4757640884564514,-0.8036006843686668,0.2438860681561375,0.05534341681915867,-0.33995755418197066,-0.2122169359603994,0.33031750574388635,1.1922523565259004,-0.7799819672544926,-1.1889681365948226,0.3751651585782846,-0.028441662064790617,-0.6753489142090857,-1.0753583114368281,-1.3265912591301896,1.6715720239582061,-0.06581701316306701,-0.4625317971154742,-0.6802805538902138,-0.6945860334165729,-0.12973240340750558,1.0391807689039798,-1.2490150983313735,0.9660083162021451,-0.8414594448763585,0.8353910783908615,0.31031582007411174,-0.43887475557520367,-1.2280360776359232,2.440279396233584,2.122875650307673,-0.7372489158822298,-0.5548215201365353
3366,1.1958540183992494,1.160247466765733,1.2263690309019621,1.2806824658777718,-0.6699439842837658,-0.4247636690071677,-0.37222452416961194,-0.5572608635698353,0.14521144165019417,1.3830019761547485,1.5099259993168839,-0.7686666562373611,-0.873772482024234,-0.4661674456423615,-0.596294970323835,0.7087465033634344,-0.7101819533021421,-0.0375542982429244,-0.5749097294046255,-0.5962949703238357,-1.1723787962198302,0.5586109009515641,-0.685836922181332,-0.40826242253033457,-0.22749187047670014,-1.1723787962198304,-0.24970542910746144,-1.0595799391626557,-1.093086213656891,0.4227018374510261,-0.4883503761761871,-0.16074723322569637,-0.423261910402021,-0.4776764773874419,-0.7934240388470011,-1.1066935030922216,-0.2344344394818485,-0.3801719065489936,0.1904383722802824,0.8666840053970244,-0.05122211173922607,-0.33620658335591885,-0.5545366491619897,-0.5508635910256889,-0.8940408724121206,-0.6657330710297528,-0.7376004325857647,-0.7936536367767529,-0.9448163188166305,0.6222419800422048,-0.6884147836651654,-0.189051332351986,-1.0301363677940538,-1.331797560063088,-0.22410243438484806,0.7298980228968454,-0.17014539693287123,2.237009216357198,1.8778308535723114,-1.233299863369501,2.1864576584154802,2.5146633257715996,-1.09115491672479,-0.5904054124542567,0.18854593893905056,0.03810360357635227,0.13264544683552917,0.5059142753014044,0.368144144507331,1.293780132161866,-0.5364050461426466,-1.1673836316615656,-0.13849340476052432,-0.5281597402482316,0.09917345113014826,-1.1577701009557022,-0.8290237845649229,1.6895807422882811,0.4651585693139229,0.683155778382895,-0.1427278990068799,-0.15669594165872727,-0.1778287490695811,1.1280747193446812,-1.2716618004268119,0.9560994724016438,-0.7418403398930545,0.8516779243748067,0.3012335530886862,-0.3913935705915895,-1.2384072624575098,2.4394363990313277,2.1420371199866053,-0.7584595491964707,-0.549266219772413
3367,1.349901563410283,1.3904055442745917,1.2651147125541717,1.1069106558108956,-0.5277792315573253,-0.6330345267127363,-0.6474453424912227,-0.6412686579036588,0.11618483907804458,1.4652764756035044,1.5811703060583353,-1.0163991758801532,-1.1574486460597406,-0.688643628429927,-0.6211124791704152,-0.06488973739644553,-0.805421273815608,-0.4888023675462679,-0.6694512980728797,-0.6211124791704157,-1.1397126097349841,0.12048008445512404,-0.7915959519797747,-0.6795339053521855,-0.35969093525262014,-1.1397126097349843,0.19115192291598967,1.0552889527760372,0.6891207090280836,-1.1936271588982015,0.8705148136358726,-0.46136345137920876,-0.7196767936733723,-0.647264613560647,-0.9581846963863567,-1.3469521797045478,-0.4293128510519146,-0.5913486991026535,-0.02003065972854682,0.6780827467379998,0.759936695131191,0.8478517979473362,0.45672589511413675,0.16031518608794934,-0.4075464863475419,-0.06966811718252118,-0.21449109831195637,-0.24328702845261913,-0.4455147828765634,-0.7028181761138736,-0.7225230333615401,-0.4036518682207873,-0.878726554164967,-1.2048556605442144,-0.3535305183451481,0.6475141076360459,-1.0470218055071503,2.173600830760783,1.746945917185894,-1.3795739520082493,2.1447855905406414,2.473128401054267,-1.3975990158592084,-0.8033419381541225,0.16783053841227447,-0.07624508094347772,-0.07111542000883107,-0.7462764037707313,0.35843293341532834,0.9076827145054028,-0.6633273827369751,-1.085771434988422,0.06685567811775896,0.8877781103190262,-1.3385623047486535,-0.6926756973435921,-1.496722996522448,1.4393043353109591,-0.03005322002491794,-0.16952262417729766,-0.1213597296138554,-0.12524980844535438,-0.041570055954090745,1.1387597441033586,-1.2954028218523728,0.966609844962657,-0.5975097962842771,0.8654200158551228,0.2783640264665164,-0.3501945993041409,-1.2538931759295002,2.4357456387676297,2.1533558470274965,-0.7726210956984318,-0.5398749437113178
3368,1.1003745127886237,1.0326776472094874,1.0381643316380587,0.9159524052516856,-0.42590179349189916,-0.5259824271771968,-0.5632839230578424,-0.992017715322116,0.6414688876160018,1.2761657782806664,1.8157176454920059,-1.2706677860419238,-1.4288699337112853,-0.9265945686014156,-0.7896777734161124,-0.4408581391242487,-0.9650158752010556,-0.8213093218755781,-0.7893209302892131,-0.7896777734161134,-1.1875461149177302,-0.20571991259020078,-0.935653625025471,-0.9279416052279272,-0.49812816124992587,-1.1875461149177304,-1.0490135966024023,-1.5869876389098883,-1.0824950019745436,-0.9260802076560819,-0.05280307787299378,-0.8498648893059276,-0.9696450151446521,-0.9336800247592154,-1.1507212640373559,-1.5478308059030947,-0.6483765756172609,-0.8186590592711368,-0.24748191808880146,0.4719278901315143,-0.16287361093218733,0.4351314858367369,-0.08911794616021047,-0.31316938793737403,-0.5932399457720435,-0.49455236760899385,-0.5928855022460892,-0.6061909407439844,-0.7921526877773457,-0.7860720636805858,-0.6855790751529933,-0.8578147780142532,-1.082625146406921,-1.2268417041903823,-0.25514648273865903,0.4395962160369498,0.0275262272771076,2.078505216865913,1.6420836758176214,-1.410097048377583,2.017202154748223,2.4332289233532136,-1.593681269977601,-1.0398295185909465,-0.010226667660374502,-0.1438118188762377,-0.053669043542796266,-0.6108868796910318,0.11018373582003527,0.6588798055182333,-0.5457452606616864,-1.1229274924734403,0.03901295047352018,0.730497547730225,-0.8616572409310372,-0.6860134458139187,-1.1450171783119472,1.3638042104087624,-0.5681424379729874,-1.2437218641881682,-0.651430798620091,-0.6529343308865815,0.04279130192261166,1.1369966063996675,-1.2883938117199212,1.0013071293459441,-0.46300125810410137,0.8703933093008812,0.20003584404476696,-0.31222381665560295,-1.2641894577795603,2.4333641313539704,2.162713600305738,-0.81485960833151,-0.5327962596920593
3369,0.8300935445030343,0.7124678659794628,0.8694882401712899,0.7839722215543504,-0.45215447402108633,-0.4530760925398833,-0.4374918913782887,-0.3278666802622072,0.7102121808925795,1.2939580801047508,1.8341626015198966,-1.4299310890802879,-1.5885245350769834,-1.0821776839430388,-0.9071155408478886,-0.30978184794094465,-1.1261924402295076,-0.8333978034319467,-0.9267015645027776,-0.9071155408478897,-1.2381350264841942,-0.21946986340105953,-1.0860463710191355,-0.9714329674887879,-0.6430897438765087,-1.2381350264841942,-0.794092675724108,-1.4537995221608286,-1.195901847397279,-0.24183626388845653,-1.1527352463395304,-0.9239665888471308,-1.0693643173027059,-1.0833502027095476,-1.2294276343259942,-1.648127235211242,-0.7966225450071133,-0.9734754185130904,-0.4005201523038834,0.3294309926356975,-0.24682274950619765,0.4818929527986305,0.16822253176680307,-0.2253899889573931,-0.48792315701416367,-0.44957365210717676,-0.5630787247625082,-0.5314298130808698,-0.7537555750929243,-0.5528116926764266,-0.9346467803298304,-0.9900904877909393,-1.126157622643508,-1.508033563617985,-0.3316101600955416,0.3088749114357729,-0.6209445930923155,1.9364035280883742,1.5989015499580348,-1.3683647103696237,1.8582844210396436,2.394855232439992,-1.6132918498268505,-1.198719102390922,-0.2519587648580907,-0.1802005162003921,-0.09710298392093354,0.08445341389609118,0.4727630112350471,0.6781090597456935,-0.6309818869966276,-1.1373162036419442,0.08118597643014232,-0.19257826802508096,-0.5308874432765935,-0.26827826776692976,-0.5865257483778141,1.38326776890847,-0.20326049676142824,-0.3137569922492954,-0.7226077796061504,-0.7225747715702981,0.07098102064789065,1.0871989066261327,-1.2724669377592706,1.0627730430682234,-0.2980731348231693,0.8649065274416424,0.11623905311718093,-0.29146036158537575,-1.2708869944539822,2.4276505592478554,2.1676579054153624,-0.8659894103546455,-0.5274434393211407
3370,0.6238495208649648,0.6861290012726667,0.6602032020280505,0.7239247954940051,0.11498209985389024,-0.09804944150913596,-0.02107665286627263,0.047251146028801136,1.139201104322344,1.034514031974582,2.1275457785787166,-1.4910284561223892,-1.6475006354201183,-1.1451441133849634,-0.8797471139001372,0.0690351949791161,-1.2409059640415285,-0.6029646850207064,-1.05920125548478,-0.8797471139001382,-1.2335223672643558,0.003435625992970867,-1.212244741577757,-0.8233234472066709,-0.787922511614741,-1.2335223672643558,-0.9978396039226564,-0.125879422962829,-0.9305641238796323,0.50836710482836,0.17779860680910828,-0.8547596038116992,-0.9998257807539818,-1.0503362512114531,-1.2093796321237515,-1.6208669890910214,-0.8597124608980728,-1.0329766457313063,-0.4730453071332651,0.26404349936577337,2.177142659264266,2.798313621753883,3.0708786089554514,1.81331229631034,1.3836678600401517,1.323570760707346,0.9562306076440243,1.1772227205529615,0.7326671824138448,-0.25706091179095597,-0.678998269120876,-1.0659614165770008,-1.348322388145425,-1.3698794869820006,-0.31283435284734173,0.38818790805439446,0.870873777623037,1.793601058876311,1.5698633818546752,-1.250688057756849,1.7165966217284157,2.3579077101746893,-1.5088551606281027,-1.2620955586120814,-0.46955639791158216,-0.27469869789704787,0.23122228332553738,0.3340079911516025,0.5697307698061427,1.1822918354213126,-0.5617728015934673,-1.0371529602484557,-0.2867449602107117,-0.22172760256840537,-0.36806725835543574,-0.7880946778924323,-0.8724153581507826,1.501479697844539,-0.5647740540839103,-0.6787245810421054,-1.1579272850074034,-1.145967277520549,0.2792232189880547,1.1226319533480602,-1.327724961307472,0.9815211233555693,-0.2669000712851357,0.8717614027847208,0.018289598765097215,-0.25216918846542463,-1.2704643271091556,2.4141604800622343,2.167640034371257,-0.8946506940789252,-0.5307926750777722
3371,0.7029182896706716,1.4841129181914108,0.7773136612007381,1.5449804719267408,0.7618829143011022,0.5977118983333787,0.7328474540405551,0.7504930255041289,1.0267889770493595,1.053602468892143,2.2004771012925306,0.08513779598580021,0.31580954673491907,0.06727624132194941,0.4773784444400612,3.464025366529615,-0.7874685442939726,2.3029767804930104,-0.985917671094442,0.4773784444400609,-0.5578299054902338,2.708913161217004,-0.9887138025281307,1.4293051017173355,-0.8535658608189987,-0.5578299054902343,0.5609499422573606,3.622920332931706,0.3555961766666722,4.1841996024053465,4.933412733226697,1.9171361226974186,0.8336618764169519,0.5816923405290466,0.1367492256474258,-0.42424020535532825,0.1094184078717927,-0.018925202695006,0.40347619159824916,1.1450441258585338,1.979795020833814,2.83226286028116,3.4312698693508366,2.5364296139446125,2.1486656716080863,2.0617076146584616,1.5675598812216645,1.9321116421739233,1.396467570726836,3.408577579776019,0.44195603543573553,-0.17780713603333578,0.10397778491767971,-0.7407551683165844,0.5565252076945123,0.8830520800084495,3.4797196363929346,1.8096493818684751,1.464233119710725,-1.3014814092228422,1.6479567621721258,2.3222956262182066,0.29580668414451194,-0.1641211853845365,-0.5593731729809874,-0.4123152864042672,-0.06612251487472169,0.4765606123601776,0.9851155817882579,1.0244090325589963,-0.5691909427260649,-1.0816619937417256,0.016789982917503565,-0.6633240296217056,-0.7541734419707635,-0.07855045116980042,-0.6028135733532269,1.4722461084679621,-0.28487723746779725,0.6073699593382473,-1.0545044955518268,-1.0227122302443548,0.5441935916055863,0.9866580465832034,-1.0900059715600787,0.5782537481833832,-0.38834213050118693,0.8360563862438523,-0.006892132996742269,-0.19878962617316995,-1.283059639382633,2.406705268501257,2.212856947302333,-0.8784621894077395,-0.5424242203238467
3372,1.5756590134035053,1.515762243571466,1.6025972935578758,1.6225953653831482,0.8794021570930399,0.9297330121721896,0.7815065649451948,0.9584972381112996,0.8768542122854633,1.0659137685925322,2.1156398007670343,0.21683719281256336,0.4512153936577148,0.18270954384957536,1.1439877100953884,1.6971957455527713,-0.4353329808138394,1.7821524362962835,-0.8118633190635594,1.1439877100953888,-0.02686095075776577,2.114309734673614,-0.7705459183370535,1.3953585008590883,-0.8568628818489745,-0.02686095075776637,3.8567170394004546,0.15817865852485974,3.861993715616033,0.24371978975474842,-0.5736131087682834,1.8190736206705118,0.996471618313023,0.7520941128902328,0.29757324852390915,-0.23659103576422832,0.2003331480900009,0.07008739406108899,0.474844432623522,1.2297421607408512,-0.47099663708785877,0.14322266003136905,0.44078527889839697,0.2561618977189552,0.2018877625839273,0.09964129396894886,-0.12081000229287839,0.05285300884474513,-0.24620709683848435,0.3299549201183718,0.8729840009480883,0.08964937056102446,0.17048950513090388,-0.35182782138655716,0.4530514054338181,1.0257882089225743,0.3200916420548924,1.8087012263787248,1.401598752830682,-1.3314298929592252,1.601715959688975,2.287936141975795,0.5413994943458242,-0.039796179618241015,-0.6105838076658388,1.440183203168488,-0.5145654860196599,-0.7628382115444863,-0.9524148755734203,0.019061353528333463,-0.5751791373928278,-0.8549635656268323,0.7486244737673415,0.5178546323862598,0.37752103001529563,-1.2168455350836374,-0.6600222248463951,0.823663739070106,1.4532330424691766,0.734442695360843,-0.7802111505574942,-0.869833375093181,-1.1503841132365018,0.8304040037086153,-0.8360473084721842,0.29947757622723037,0.14882602416757765,0.8030956625379804,-0.009558162411380812,-0.1510657284071362,-1.2518500141268583,2.395052728770833,2.253108566396079,-0.8581828423496093,-0.4876134454793937
3373,1.8384061000510417,1.674562658608531,1.5522798438980716,1.4762608033013085,0.8432636168604823,1.0009497882068155,0.8108479058171593,0.9095816712929483,0.10234761353972358,1.3595098579698994,1.5892422242004598,-0.010511562856639418,0.16679719074741978,-0.007401748550742659,1.0988903379713064,-0.11249843266438508,-0.2916630618579684,0.7276856184471219,-0.6448269277291758,1.0988903379713066,0.22254969165092767,0.9919887318474885,-0.6436854264263563,0.8117903096462353,-0.8308175761331125,0.22254969165092628,-0.1992045884432132,0.7175934766613385,1.1401596510237173,-1.6848530078666084,0.8330834590635963,0.8995768005610711,0.6487018598583156,0.5068956857291727,0.11656982661816202,-0.3566744378002242,0.023856518745658747,-0.12029852024957025,0.30380835973363257,1.073113603685032,-0.6367898266753851,-0.01137088000128613,0.1996501906326614,0.17937096577203215,0.13016586496971572,0.04090448287636766,-0.1742916016591555,0.01927473056597758,-0.2783076512391274,-0.5621026100966934,0.9617699621774721,0.17632469021082364,-0.1858962246064176,-0.5068464697049361,0.33166264928879097,1.0343662613454374,-1.7623441081020443,1.8339706329660888,1.2920304346106757,-1.2972244503344215,1.580495584089179,2.2547534477508187,0.27369439855970423,-0.21504098906585248,-0.6174300988266669,1.177277003787675,-0.09245649178459481,-0.9689726071213203,-1.0543882188188365,-0.6880707666286018,-0.6854901885741382,-0.638065230917447,0.2574335588331086,1.1485475750754812,0.27209850315716605,-0.4447879459180539,-0.1421390704406843,0.3135037903617866,1.6654766281126732,1.7978948672244885,-0.02289538369616253,-0.09002539894073051,-0.9150038240039627,0.723767968035867,-0.6386232071750662,-0.1300394082061868,0.46237844033207914,0.7943508036091164,-0.03537391965672618,-0.13360880453133117,-1.2341879546632901,2.3825876879241963,2.263934135076774,-0.8659914078111626,-0.44352822202044967
3374,1.587587872042964,1.727789145337134,1.6168727118374253,1.8497203543689038,0.8315585943801578,0.8796399748238038,0.8197843979985354,1.0067188427577787,0.2423037689946551,1.316713816895008,1.3992319475087616,0.5375626564713755,0.7430754037931125,0.47491897863594074,1.510446619843893,1.0562353625289072,0.041769669309518684,1.6818065236557087,-0.4149703389367294,1.5104466198438937,0.6644458505646443,1.7474449866543984,-0.3914445768985212,1.6117755499925837,-0.7530167223289974,0.6644458505646431,0.31603679524077766,0.26228608238536744,-1.0157671606960184,1.2573436310716741,0.7645025024637516,1.469300280754875,1.3691043519946364,1.2079723568092893,0.7275023537429207,0.23352254114611978,0.47357588845300774,0.33406135341517307,0.7013033797859658,1.4769597697201566,-0.9172141232497572,-0.3232825206188131,-0.13243798228568573,-0.044033014556458944,-0.03360749378690852,-0.16094041023974115,-0.3319828268662608,-0.16582311900415064,-0.4397190539349321,1.521010568091605,1.844619697140975,0.5958860257186366,0.205573292741976,-0.06428208051933991,0.47166253775863154,1.3067160934227167,1.7677621141752693,1.8114308792419174,1.2896287151631185,-1.240873338773904,1.5862411315001053,2.22267801254581,1.0518371335004923,0.3088809403773625,-0.575697860747499,0.9749841994601391,0.07732916205130078,-0.9465311243064457,-0.9626620540617229,-0.5927582896483543,-0.8165033171621274,-0.5791117791604401,0.046923490771556595,1.2663803784869259,0.17428651212691573,-0.45151520039445253,-0.21826890481948755,0.2982996595267006,0.7958703125884792,0.17137365678949223,-0.17641190089382286,-0.23120765622856818,-0.7302991393959293,0.5938469331879632,-0.45759270440262007,-0.4292144253329851,0.6414776309547753,0.7846479755621946,-0.036218283335019356,-0.09701394768951686,-1.2368122381375026,2.371369740166312,2.2796797259897774,-0.825047674246157,-0.39291932345453323
3375,2.169544802571095,2.352363560306054,2.175062151188851,2.4359861855988423,0.9095670374879021,0.9470594113281139,0.7392200403248035,0.8842817521430119,0.053010080141951736,1.4776247486232634,1.3981690736738912,1.1944354253109706,1.3489731966259926,1.1198929612105344,2.366547528052712,2.2113454896398346,0.6309493768549829,2.9326294897459118,-0.05200030954607053,2.3665475280527133,1.3688609147546509,2.758209304002751,0.043883460419802754,2.7506052419957223,-0.5925545949986182,1.3688609147546507,2.544241194103693,2.755992204207672,2.4957297340534352,1.2718802376530558,1.2055761529650615,2.322155860505011,2.3758091258917347,2.2019803111070617,1.6622352335649462,1.1100032422556798,1.1815802820696863,1.0589364259113128,1.3408835682079003,2.113469398219362,1.7415043054728852,2.282262905835744,2.5383466562605568,2.799043418360401,2.6140023516677644,2.5145445416432177,1.953875857529139,2.503817510512709,1.9422050611163857,2.362586516360098,2.964385801276012,1.5763464261728204,0.8027229113950317,0.3334314726405827,1.0909664068053064,1.8876376700055801,1.8304109656329106,1.6910366251211175,1.4246247648578458,-1.0050715271311186,1.8261267170731523,2.1916459295261155,1.8518054533898303,1.1386119363489675,-0.09924648229178384,1.0992808055313688,1.4284939824734812,-0.489234870361389,-1.0279611559639616,-1.063147900061555,-0.7027990401101982,-0.21016513540153875,-1.3984907407940328,1.855861991924316,0.799698351425661,0.07177575861709978,0.6311590071382633,-0.25772771996087535,1.1840602033443552,0.8576023300907449,0.021446810005118385,-0.03926193669544901,-0.8307722714061648,0.5012482689380707,-0.11264887416792232,-0.7865324193748903,0.8511623653861137,0.7809214514916171,-0.013552841332340056,-0.08672141037606738,-1.2328934517525358,2.3578476162935065,2.30682410289238,-0.7959733373643363,-0.32488770373605996
